frame.time_relative,frame.len,ip.src,ip.dst
0.000000000,74,172.19.0.9,172.19.0.8
0.000133000,74,172.19.0.8,172.19.0.9
0.000207000,66,172.19.0.9,172.19.0.8
0.000451000,103,172.19.0.9,172.19.0.8
0.000487000,66,172.19.0.8,172.19.0.9
0.001085000,70,172.19.0.8,172.19.0.9
0.001165000,66,172.19.0.9,172.19.0.8
0.001584000,105,172.19.0.9,172.19.0.8
0.001621000,66,172.19.0.8,172.19.0.9
0.002540000,77,172.19.0.8,172.19.0.9
0.002675000,66,172.19.0.9,172.19.0.8
5.002094000,42,,
5.002143000,42,,
5.002153000,42,,
5.002162000,42,,
6.266388000,76,172.19.0.7,172.19.0.8
6.266460000,66,172.19.0.8,172.19.0.7
6.267013000,76,172.19.0.8,172.19.0.9
6.267060000,76,172.19.0.7,172.19.0.8
6.267084000,66,172.19.0.8,172.19.0.7
6.267236000,66,172.19.0.9,172.19.0.8
6.267446000,70,172.19.0.8,172.19.0.7
6.267500000,66,172.19.0.7,172.19.0.8
6.267684000,76,172.19.0.7,172.19.0.8
6.267743000,66,172.19.0.8,172.19.0.7
6.268082000,76,172.19.0.8,172.19.0.9
6.268119000,66,172.19.0.9,172.19.0.8
6.268174000,70,172.19.0.8,172.19.0.7
6.268225000,66,172.19.0.7,172.19.0.8
6.268253000,76,172.19.0.7,172.19.0.8
6.268277000,66,172.19.0.8,172.19.0.7
6.268470000,70,172.19.0.9,172.19.0.8
6.268492000,76,172.19.0.8,172.19.0.9
6.268544000,66,172.19.0.9,172.19.0.8
6.268568000,66,172.19.0.8,172.19.0.9
6.268741000,70,172.19.0.9,172.19.0.8
6.268783000,66,172.19.0.8,172.19.0.9
6.268786000,70,172.19.0.8,172.19.0.7
6.268904000,66,172.19.0.7,172.19.0.8
6.268945000,70,172.19.0.9,172.19.0.8
6.268979000,66,172.19.0.8,172.19.0.9
6.269220000,76,172.19.0.8,172.19.0.9
6.269328000,66,172.19.0.9,172.19.0.8
6.269380000,70,172.19.0.8,172.19.0.7
6.269430000,66,172.19.0.7,172.19.0.8
6.269959000,76,172.19.0.7,172.19.0.8
6.269988000,66,172.19.0.8,172.19.0.7
6.270254000,70,172.19.0.9,172.19.0.8
6.270279000,66,172.19.0.8,172.19.0.9
6.271200000,76,172.19.0.8,172.19.0.9
6.271348000,66,172.19.0.9,172.19.0.8
6.271464000,70,172.19.0.8,172.19.0.7
6.271516000,76,172.19.0.7,172.19.0.8
6.271540000,66,172.19.0.8,172.19.0.7
6.271616000,66,172.19.0.7,172.19.0.8
6.271721000,76,172.19.0.8,172.19.0.9
6.271777000,66,172.19.0.9,172.19.0.8
6.271849000,70,172.19.0.8,172.19.0.7
6.271909000,66,172.19.0.7,172.19.0.8
6.272662000,70,172.19.0.9,172.19.0.8
6.272704000,66,172.19.0.8,172.19.0.9
6.272951000,70,172.19.0.9,172.19.0.8
6.272981000,66,172.19.0.8,172.19.0.9
6.275638000,76,172.19.0.7,172.19.0.8
6.275726000,66,172.19.0.8,172.19.0.7
6.276214000,76,172.19.0.8,172.19.0.9
6.276390000,66,172.19.0.9,172.19.0.8
6.276476000,70,172.19.0.8,172.19.0.7
6.276623000,66,172.19.0.7,172.19.0.8
6.276993000,70,172.19.0.9,172.19.0.8
6.277023000,66,172.19.0.8,172.19.0.9
7.267415000,76,172.19.0.7,172.19.0.8
7.267608000,66,172.19.0.8,172.19.0.7
7.268400000,76,172.19.0.7,172.19.0.8
7.268428000,66,172.19.0.8,172.19.0.7
7.268836000,76,172.19.0.7,172.19.0.8
7.268865000,66,172.19.0.8,172.19.0.7
7.269352000,76,172.19.0.7,172.19.0.8
7.269397000,66,172.19.0.8,172.19.0.7
7.272384000,76,172.19.0.8,172.19.0.9
7.272593000,66,172.19.0.9,172.19.0.8
7.272718000,70,172.19.0.9,172.19.0.8
7.272887000,66,172.19.0.8,172.19.0.9
7.273129000,70,172.19.0.8,172.19.0.7
7.273186000,66,172.19.0.7,172.19.0.8
7.273316000,76,172.19.0.8,172.19.0.9
7.273446000,70,172.19.0.8,172.19.0.7
7.273500000,66,172.19.0.7,172.19.0.8
7.273640000,76,172.19.0.7,172.19.0.8
7.273647000,70,172.19.0.9,172.19.0.8
7.273684000,76,172.19.0.8,172.19.0.9
7.273741000,70,172.19.0.8,172.19.0.7
7.273779000,70,172.19.0.9,172.19.0.8
7.273791000,66,172.19.0.7,172.19.0.8
7.273803000,66,172.19.0.8,172.19.0.9
7.273933000,76,172.19.0.8,172.19.0.9
7.274273000,76,172.19.0.7,172.19.0.8
7.275225000,70,172.19.0.8,172.19.0.7
7.275350000,76,172.19.0.7,172.19.0.8
7.275625000,70,172.19.0.8,172.19.0.7
7.275695000,66,172.19.0.7,172.19.0.8
7.276245000,70,172.19.0.9,172.19.0.8
7.276279000,76,172.19.0.8,172.19.0.9
7.276456000,70,172.19.0.9,172.19.0.8
7.276483000,66,172.19.0.8,172.19.0.9
7.276519000,76,172.19.0.8,172.19.0.9
7.276582000,70,172.19.0.8,172.19.0.7
7.276635000,70,172.19.0.9,172.19.0.8
7.276636000,66,172.19.0.7,172.19.0.8
7.276659000,66,172.19.0.8,172.19.0.9
7.276840000,76,172.19.0.8,172.19.0.9
7.277045000,70,172.19.0.8,172.19.0.7
7.277104000,66,172.19.0.7,172.19.0.8
7.278975000,70,172.19.0.9,172.19.0.8
7.279007000,66,172.19.0.8,172.19.0.9
8.266704000,76,172.19.0.7,172.19.0.8
8.267135000,76,172.19.0.8,172.19.0.9
8.267269000,70,172.19.0.8,172.19.0.7
8.267372000,66,172.19.0.7,172.19.0.8
8.267724000,70,172.19.0.9,172.19.0.8
8.267749000,66,172.19.0.8,172.19.0.9
8.268707000,76,172.19.0.7,172.19.0.8
8.269135000,76,172.19.0.8,172.19.0.9
8.269256000,70,172.19.0.8,172.19.0.7
8.269361000,66,172.19.0.7,172.19.0.8
8.269736000,70,172.19.0.9,172.19.0.8
8.269810000,66,172.19.0.8,172.19.0.9
8.271953000,76,172.19.0.7,172.19.0.8
8.272364000,76,172.19.0.8,172.19.0.9
8.272486000,70,172.19.0.8,172.19.0.7
8.272590000,66,172.19.0.7,172.19.0.8
8.273019000,70,172.19.0.9,172.19.0.8
8.273051000,66,172.19.0.8,172.19.0.9
8.274247000,76,172.19.0.7,172.19.0.8
8.274629000,76,172.19.0.8,172.19.0.9
8.274984000,70,172.19.0.8,172.19.0.7
8.275116000,66,172.19.0.7,172.19.0.8
8.275563000,70,172.19.0.9,172.19.0.8
8.275593000,66,172.19.0.8,172.19.0.9
8.277503000,76,172.19.0.7,172.19.0.8
8.278194000,76,172.19.0.8,172.19.0.9
8.278360000,70,172.19.0.8,172.19.0.7
8.278484000,66,172.19.0.7,172.19.0.8
8.278877000,70,172.19.0.9,172.19.0.8
8.278920000,66,172.19.0.8,172.19.0.9
8.280117000,76,172.19.0.7,172.19.0.8
8.280569000,76,172.19.0.8,172.19.0.9
8.280743000,70,172.19.0.8,172.19.0.7
8.281136000,70,172.19.0.9,172.19.0.8
8.281161000,66,172.19.0.8,172.19.0.9
8.281986000,76,172.19.0.7,172.19.0.8
8.282598000,76,172.19.0.8,172.19.0.9
8.283089000,70,172.19.0.8,172.19.0.7
8.283546000,70,172.19.0.9,172.19.0.8
8.283591000,66,172.19.0.8,172.19.0.9
8.326162000,66,172.19.0.7,172.19.0.8
9.267753000,76,172.19.0.7,172.19.0.8
9.268995000,76,172.19.0.8,172.19.0.9
9.269110000,70,172.19.0.8,172.19.0.7
9.269339000,86,172.19.0.7,172.19.0.8
9.269858000,70,172.19.0.8,172.19.0.7
9.269888000,70,172.19.0.9,172.19.0.8
9.269915000,66,172.19.0.7,172.19.0.8
9.269923000,76,172.19.0.8,172.19.0.9
9.270078000,70,172.19.0.9,172.19.0.8
9.270117000,70,172.19.0.8,172.19.0.7
9.270130000,76,172.19.0.8,172.19.0.9
9.270167000,66,172.19.0.7,172.19.0.8
9.270279000,70,172.19.0.9,172.19.0.8
9.270303000,66,172.19.0.8,172.19.0.9
9.272914000,76,172.19.0.7,172.19.0.8
9.273641000,76,172.19.0.8,172.19.0.9
9.273756000,70,172.19.0.8,172.19.0.7
9.273897000,66,172.19.0.7,172.19.0.8
9.274952000,76,172.19.0.7,172.19.0.8
9.275173000,70,172.19.0.9,172.19.0.8
9.275210000,66,172.19.0.8,172.19.0.9
9.276065000,76,172.19.0.8,172.19.0.9
9.276203000,70,172.19.0.8,172.19.0.7
9.276260000,66,172.19.0.7,172.19.0.8
9.276419000,76,172.19.0.7,172.19.0.8
9.276500000,70,172.19.0.9,172.19.0.8
9.277579000,76,172.19.0.8,172.19.0.9
9.277785000,70,172.19.0.8,172.19.0.7
9.277914000,66,172.19.0.7,172.19.0.8
9.278224000,70,172.19.0.9,172.19.0.8
9.280693000,76,172.19.0.7,172.19.0.8
9.281527000,76,172.19.0.8,172.19.0.9
9.281744000,70,172.19.0.8,172.19.0.7
9.281849000,66,172.19.0.7,172.19.0.8
9.282495000,70,172.19.0.9,172.19.0.8
9.326326000,66,172.19.0.8,172.19.0.9
10.274142000,76,172.19.0.7,172.19.0.8
10.275557000,76,172.19.0.8,172.19.0.9
10.275618000,70,172.19.0.8,172.19.0.7
10.276200000,76,172.19.0.7,172.19.0.8
10.277873000,70,172.19.0.8,172.19.0.7
10.277998000,66,172.19.0.7,172.19.0.8
10.278232000,70,172.19.0.9,172.19.0.8
10.278266000,76,172.19.0.8,172.19.0.9
10.278623000,70,172.19.0.9,172.19.0.8
10.278648000,66,172.19.0.8,172.19.0.9
10.282452000,76,172.19.0.7,172.19.0.8
10.282882000,76,172.19.0.8,172.19.0.9
10.283003000,70,172.19.0.8,172.19.0.7
10.283069000,76,172.19.0.7,172.19.0.8
10.283221000,70,172.19.0.8,172.19.0.7
10.283463000,76,172.19.0.7,172.19.0.8
10.283666000,70,172.19.0.8,172.19.0.7
10.283732000,66,172.19.0.7,172.19.0.8
10.283878000,76,172.19.0.7,172.19.0.8
10.283940000,70,172.19.0.9,172.19.0.8
10.284094000,86,172.19.0.8,172.19.0.9
10.284362000,70,172.19.0.9,172.19.0.8
10.284387000,66,172.19.0.8,172.19.0.9
10.284538000,70,172.19.0.9,172.19.0.8
10.284582000,66,172.19.0.8,172.19.0.9
10.285137000,76,172.19.0.8,172.19.0.9
10.285251000,70,172.19.0.8,172.19.0.7
10.285308000,66,172.19.0.7,172.19.0.8
10.285509000,76,172.19.0.7,172.19.0.8
10.285929000,70,172.19.0.8,172.19.0.7
10.286037000,66,172.19.0.7,172.19.0.8
10.286370000,70,172.19.0.9,172.19.0.8
10.286404000,76,172.19.0.8,172.19.0.9
10.286918000,70,172.19.0.9,172.19.0.8
10.286966000,66,172.19.0.8,172.19.0.9
11.273636000,76,172.19.0.7,172.19.0.8
11.273855000,76,172.19.0.8,172.19.0.9
11.274145000,70,172.19.0.8,172.19.0.7
11.274201000,66,172.19.0.7,172.19.0.8
11.275684000,76,172.19.0.7,172.19.0.8
11.276573000,70,172.19.0.8,172.19.0.7
11.276663000,66,172.19.0.7,172.19.0.8
11.277261000,76,172.19.0.7,172.19.0.8
11.277438000,70,172.19.0.9,172.19.0.8
11.277530000,76,172.19.0.8,172.19.0.9
11.277682000,70,172.19.0.8,172.19.0.7
11.277790000,66,172.19.0.7,172.19.0.8
11.278718000,70,172.19.0.9,172.19.0.8
11.279138000,76,172.19.0.8,172.19.0.9
11.280255000,76,172.19.0.7,172.19.0.8
11.281299000,70,172.19.0.8,172.19.0.7
11.281358000,66,172.19.0.7,172.19.0.8
11.281508000,70,172.19.0.9,172.19.0.8
11.281585000,76,172.19.0.8,172.19.0.9
11.282246000,76,172.19.0.7,172.19.0.8
11.282498000,70,172.19.0.8,172.19.0.7
11.282553000,66,172.19.0.7,172.19.0.8
11.284229000,70,172.19.0.9,172.19.0.8
11.284270000,76,172.19.0.8,172.19.0.9
11.285175000,70,172.19.0.9,172.19.0.8
11.285778000,76,172.19.0.7,172.19.0.8
11.286536000,76,172.19.0.8,172.19.0.9
11.286795000,70,172.19.0.8,172.19.0.7
11.286853000,66,172.19.0.7,172.19.0.8
11.287619000,70,172.19.0.9,172.19.0.8
11.288286000,76,172.19.0.7,172.19.0.8
11.288835000,76,172.19.0.8,172.19.0.9
11.289090000,70,172.19.0.8,172.19.0.7
11.289161000,66,172.19.0.7,172.19.0.8
11.289218000,70,172.19.0.9,172.19.0.8
11.330302000,66,172.19.0.8,172.19.0.9
12.275179000,76,172.19.0.7,172.19.0.8
12.275696000,76,172.19.0.8,172.19.0.9
12.275882000,70,172.19.0.8,172.19.0.7
12.276033000,66,172.19.0.7,172.19.0.8
12.276737000,70,172.19.0.9,172.19.0.8
12.276769000,66,172.19.0.8,172.19.0.9
12.278504000,76,172.19.0.7,172.19.0.8
12.279485000,76,172.19.0.8,172.19.0.9
12.279632000,70,172.19.0.8,172.19.0.7
12.279931000,66,172.19.0.7,172.19.0.8
12.280044000,70,172.19.0.9,172.19.0.8
12.280097000,66,172.19.0.8,172.19.0.9
12.282711000,76,172.19.0.7,172.19.0.8
12.283551000,76,172.19.0.8,172.19.0.9
12.283698000,70,172.19.0.8,172.19.0.7
12.283763000,76,172.19.0.7,172.19.0.8
12.283924000,70,172.19.0.9,172.19.0.8
12.283965000,76,172.19.0.8,172.19.0.9
12.283974000,70,172.19.0.8,172.19.0.7
12.284056000,76,172.19.0.7,172.19.0.8
12.284275000,70,172.19.0.8,172.19.0.7
12.284371000,76,172.19.0.7,172.19.0.8
12.284456000,70,172.19.0.9,172.19.0.8
12.284569000,76,172.19.0.8,172.19.0.9
12.284621000,70,172.19.0.8,172.19.0.7
12.284721000,76,172.19.0.7,172.19.0.8
12.284795000,70,172.19.0.9,172.19.0.8
12.284853000,76,172.19.0.8,172.19.0.9
12.285055000,70,172.19.0.9,172.19.0.8
12.285095000,76,172.19.0.8,172.19.0.9
12.285096000,70,172.19.0.8,172.19.0.7
12.285355000,70,172.19.0.9,172.19.0.8
12.285355000,66,172.19.0.7,172.19.0.8
12.285425000,66,172.19.0.8,172.19.0.9
13.274459000,76,172.19.0.7,172.19.0.8
13.274981000,76,172.19.0.8,172.19.0.9
13.275117000,70,172.19.0.8,172.19.0.7
13.275178000,66,172.19.0.7,172.19.0.8
13.276225000,76,172.19.0.7,172.19.0.8
13.276577000,70,172.19.0.8,172.19.0.7
13.277166000,70,172.19.0.9,172.19.0.8
13.277202000,76,172.19.0.8,172.19.0.9
13.277404000,70,172.19.0.9,172.19.0.8
13.277429000,66,172.19.0.8,172.19.0.9
13.280236000,76,172.19.0.7,172.19.0.8
13.280680000,76,172.19.0.8,172.19.0.9
13.280932000,70,172.19.0.8,172.19.0.7
13.281468000,70,172.19.0.9,172.19.0.8
13.281495000,66,172.19.0.8,172.19.0.9
13.283214000,76,172.19.0.7,172.19.0.8
13.283828000,76,172.19.0.8,172.19.0.9
13.283973000,70,172.19.0.8,172.19.0.7
13.284426000,76,172.19.0.7,172.19.0.8
13.284862000,70,172.19.0.8,172.19.0.7
13.285092000,76,172.19.0.7,172.19.0.8
13.285175000,70,172.19.0.9,172.19.0.8
13.285209000,76,172.19.0.8,172.19.0.9
13.285505000,70,172.19.0.9,172.19.0.8
13.285531000,66,172.19.0.8,172.19.0.9
13.285671000,76,172.19.0.8,172.19.0.9
13.285764000,70,172.19.0.8,172.19.0.7
13.285917000,76,172.19.0.7,172.19.0.8
13.285952000,70,172.19.0.9,172.19.0.8
13.285975000,66,172.19.0.8,172.19.0.9
13.286134000,76,172.19.0.8,172.19.0.9
13.286251000,70,172.19.0.8,172.19.0.7
13.286424000,70,172.19.0.9,172.19.0.8
13.286458000,66,172.19.0.8,172.19.0.9
13.326617000,66,172.19.0.7,172.19.0.8
14.277894000,76,172.19.0.7,172.19.0.8
14.280470000,76,172.19.0.8,172.19.0.9
14.280536000,70,172.19.0.8,172.19.0.7
14.281188000,96,172.19.0.7,172.19.0.8
14.281668000,70,172.19.0.9,172.19.0.8
14.281696000,66,172.19.0.8,172.19.0.9
14.284310000,76,172.19.0.8,172.19.0.9
14.285251000,70,172.19.0.9,172.19.0.8
14.285313000,66,172.19.0.8,172.19.0.9
14.285950000,70,172.19.0.8,172.19.0.7
14.286067000,96,172.19.0.7,172.19.0.8
14.286286000,76,172.19.0.8,172.19.0.9
14.286546000,70,172.19.0.8,172.19.0.7
14.286621000,66,172.19.0.7,172.19.0.8
14.286826000,70,172.19.0.9,172.19.0.8
14.286858000,70,172.19.0.8,172.19.0.7
14.286861000,76,172.19.0.8,172.19.0.9
14.286926000,66,172.19.0.7,172.19.0.8
14.287129000,70,172.19.0.9,172.19.0.8
14.287154000,66,172.19.0.8,172.19.0.9
14.287209000,76,172.19.0.8,172.19.0.9
14.287324000,70,172.19.0.8,172.19.0.7
14.287348000,70,172.19.0.9,172.19.0.8
14.287382000,66,172.19.0.8,172.19.0.9
14.287462000,66,172.19.0.7,172.19.0.8
14.287801000,76,172.19.0.8,172.19.0.9
14.287911000,70,172.19.0.8,172.19.0.7
14.287985000,66,172.19.0.7,172.19.0.8
14.288474000,70,172.19.0.8,172.19.0.7
14.288528000,66,172.19.0.7,172.19.0.8
14.289113000,70,172.19.0.9,172.19.0.8
14.289152000,76,172.19.0.8,172.19.0.9
14.289634000,70,172.19.0.9,172.19.0.8
14.289660000,66,172.19.0.8,172.19.0.9
15.273509000,76,172.19.0.7,172.19.0.8
15.274038000,76,172.19.0.8,172.19.0.9
15.274149000,70,172.19.0.8,172.19.0.7
15.274254000,66,172.19.0.7,172.19.0.8
15.274319000,70,172.19.0.9,172.19.0.8
15.274346000,66,172.19.0.8,172.19.0.9
15.276072000,76,172.19.0.7,172.19.0.8
15.276907000,76,172.19.0.8,172.19.0.9
15.277216000,70,172.19.0.8,172.19.0.7
15.277367000,66,172.19.0.7,172.19.0.8
15.279153000,70,172.19.0.9,172.19.0.8
15.279194000,66,172.19.0.8,172.19.0.9
15.280387000,76,172.19.0.7,172.19.0.8
15.281073000,76,172.19.0.8,172.19.0.9
15.281176000,70,172.19.0.8,172.19.0.7
15.281341000,66,172.19.0.7,172.19.0.8
15.281821000,70,172.19.0.9,172.19.0.8
15.281867000,66,172.19.0.8,172.19.0.9
15.289502000,76,172.19.0.7,172.19.0.8
15.290929000,76,172.19.0.8,172.19.0.9
15.291014000,70,172.19.0.8,172.19.0.7
15.291134000,66,172.19.0.7,172.19.0.8
15.291620000,70,172.19.0.9,172.19.0.8
15.291647000,66,172.19.0.8,172.19.0.9
15.297140000,76,172.19.0.7,172.19.0.8
15.297838000,76,172.19.0.8,172.19.0.9
15.298161000,70,172.19.0.8,172.19.0.7
15.298283000,76,172.19.0.7,172.19.0.8
15.298502000,70,172.19.0.8,172.19.0.7
15.298720000,76,172.19.0.7,172.19.0.8
15.299562000,70,172.19.0.8,172.19.0.7
15.299877000,70,172.19.0.9,172.19.0.8
15.299913000,86,172.19.0.8,172.19.0.9
15.300202000,70,172.19.0.9,172.19.0.8
15.342002000,66,172.19.0.8,172.19.0.9
15.342036000,66,172.19.0.7,172.19.0.8
15.342069000,70,172.19.0.9,172.19.0.8
15.342092000,66,172.19.0.8,172.19.0.9
16.276546000,76,172.19.0.7,172.19.0.8
16.276800000,76,172.19.0.8,172.19.0.9
16.277332000,70,172.19.0.8,172.19.0.7
16.277356000,70,172.19.0.9,172.19.0.8
16.277420000,66,172.19.0.8,172.19.0.9
16.277435000,66,172.19.0.7,172.19.0.8
16.278127000,76,172.19.0.7,172.19.0.8
16.279267000,76,172.19.0.8,172.19.0.9
16.279317000,70,172.19.0.8,172.19.0.7
16.280568000,66,172.19.0.7,172.19.0.8
16.280689000,70,172.19.0.9,172.19.0.8
16.280714000,66,172.19.0.8,172.19.0.9
16.288757000,76,172.19.0.7,172.19.0.8
16.288962000,76,172.19.0.8,172.19.0.9
16.289204000,70,172.19.0.8,172.19.0.7
16.289274000,66,172.19.0.7,172.19.0.8
16.289302000,70,172.19.0.9,172.19.0.8
16.289330000,66,172.19.0.8,172.19.0.9
16.290162000,76,172.19.0.7,172.19.0.8
16.290368000,76,172.19.0.8,172.19.0.9
16.290555000,70,172.19.0.8,172.19.0.7
16.290866000,66,172.19.0.7,172.19.0.8
16.290902000,70,172.19.0.9,172.19.0.8
16.290928000,66,172.19.0.8,172.19.0.9
16.291784000,76,172.19.0.7,172.19.0.8
16.291983000,76,172.19.0.8,172.19.0.9
16.292238000,70,172.19.0.8,172.19.0.7
16.292306000,66,172.19.0.7,172.19.0.8
16.292358000,70,172.19.0.9,172.19.0.8
16.292392000,66,172.19.0.8,172.19.0.9
16.292891000,76,172.19.0.7,172.19.0.8
16.293604000,76,172.19.0.8,172.19.0.9
16.293711000,70,172.19.0.8,172.19.0.7
16.293820000,76,172.19.0.7,172.19.0.8
16.293960000,70,172.19.0.9,172.19.0.8
16.293964000,70,172.19.0.8,172.19.0.7
16.294015000,66,172.19.0.7,172.19.0.8
16.294064000,76,172.19.0.8,172.19.0.9
16.294214000,70,172.19.0.9,172.19.0.8
16.294237000,66,172.19.0.8,172.19.0.9
17.279215000,76,172.19.0.7,172.19.0.8
17.279968000,76,172.19.0.8,172.19.0.9
17.280124000,70,172.19.0.8,172.19.0.7
17.280328000,76,172.19.0.7,172.19.0.8
17.280819000,70,172.19.0.8,172.19.0.7
17.280894000,66,172.19.0.7,172.19.0.8
17.281284000,76,172.19.0.7,172.19.0.8
17.282159000,70,172.19.0.9,172.19.0.8
17.282195000,76,172.19.0.8,172.19.0.9
17.282839000,70,172.19.0.9,172.19.0.8
17.282869000,66,172.19.0.8,172.19.0.9
17.283756000,76,172.19.0.8,172.19.0.9
17.284014000,70,172.19.0.8,172.19.0.7
17.284176000,96,172.19.0.7,172.19.0.8
17.284853000,70,172.19.0.8,172.19.0.7
17.284954000,66,172.19.0.7,172.19.0.8
17.285403000,70,172.19.0.8,172.19.0.7
17.285456000,66,172.19.0.7,172.19.0.8
17.285658000,70,172.19.0.8,172.19.0.7
17.285711000,66,172.19.0.7,172.19.0.8
17.286011000,70,172.19.0.9,172.19.0.8
17.286047000,96,172.19.0.8,172.19.0.9
17.286261000,70,172.19.0.9,172.19.0.8
17.286286000,66,172.19.0.8,172.19.0.9
17.286436000,70,172.19.0.9,172.19.0.8
17.286458000,66,172.19.0.8,172.19.0.9
17.286673000,70,172.19.0.9,172.19.0.8
17.286701000,66,172.19.0.8,172.19.0.9
17.292135000,76,172.19.0.7,172.19.0.8
17.294510000,76,172.19.0.8,172.19.0.9
17.295129000,70,172.19.0.8,172.19.0.7
17.295325000,66,172.19.0.7,172.19.0.8
17.295785000,70,172.19.0.9,172.19.0.8
17.295813000,66,172.19.0.8,172.19.0.9
18.279159000,76,172.19.0.7,172.19.0.8
18.285271000,76,172.19.0.8,172.19.0.9
18.285497000,70,172.19.0.8,172.19.0.7
18.285631000,86,172.19.0.7,172.19.0.8
18.285798000,70,172.19.0.8,172.19.0.7
18.291700000,76,172.19.0.7,172.19.0.8
18.291755000,70,172.19.0.8,172.19.0.7
18.293433000,70,172.19.0.9,172.19.0.8
18.293471000,96,172.19.0.8,172.19.0.9
18.293668000,70,172.19.0.9,172.19.0.8
18.297158000,76,172.19.0.7,172.19.0.8
18.297195000,70,172.19.0.8,172.19.0.7
18.297812000,76,172.19.0.7,172.19.0.8
18.299339000,76,172.19.0.8,172.19.0.9
18.299499000,74,172.19.0.9,172.19.0.8
18.299590000,70,172.19.0.8,172.19.0.7
18.299768000,76,172.19.0.7,172.19.0.8
18.300075000,76,172.19.0.8,172.19.0.9
18.300179000,70,172.19.0.9,172.19.0.8
18.300259000,70,172.19.0.8,172.19.0.7
18.300791000,76,172.19.0.8,172.19.0.9
18.300911000,70,172.19.0.9,172.19.0.8
18.343053000,66,172.19.0.8,172.19.0.9
18.343086000,66,172.19.0.7,172.19.0.8
18.343116000,70,172.19.0.8,172.19.0.7
18.343239000,70,172.19.0.9,172.19.0.8
18.343258000,66,172.19.0.8,172.19.0.9
18.343300000,66,172.19.0.7,172.19.0.8
19.279382000,76,172.19.0.7,172.19.0.8
19.280745000,76,172.19.0.8,172.19.0.9
19.280843000,70,172.19.0.8,172.19.0.7
19.280959000,76,172.19.0.7,172.19.0.8
19.281155000,70,172.19.0.8,172.19.0.7
19.281210000,66,172.19.0.7,172.19.0.8
19.281494000,70,172.19.0.9,172.19.0.8
19.281700000,76,172.19.0.8,172.19.0.9
19.281926000,70,172.19.0.9,172.19.0.8
19.281952000,66,172.19.0.8,172.19.0.9
19.284752000,76,172.19.0.7,172.19.0.8
19.286272000,76,172.19.0.8,172.19.0.9
19.286496000,70,172.19.0.8,172.19.0.7
19.286552000,70,172.19.0.9,172.19.0.8
19.286587000,66,172.19.0.8,172.19.0.9
19.286742000,106,172.19.0.7,172.19.0.8
19.287192000,76,172.19.0.8,172.19.0.9
19.287285000,70,172.19.0.8,172.19.0.7
19.287343000,66,172.19.0.7,172.19.0.8
19.287440000,70,172.19.0.9,172.19.0.8
19.287529000,66,172.19.0.8,172.19.0.9
19.287570000,76,172.19.0.8,172.19.0.9
19.287637000,70,172.19.0.8,172.19.0.7
19.287694000,66,172.19.0.7,172.19.0.8
19.287901000,70,172.19.0.8,172.19.0.7
19.287955000,66,172.19.0.7,172.19.0.8
19.287984000,70,172.19.0.9,172.19.0.8
19.288029000,76,172.19.0.8,172.19.0.9
19.288264000,70,172.19.0.9,172.19.0.8
19.288265000,70,172.19.0.8,172.19.0.7
19.288300000,76,172.19.0.8,172.19.0.9
19.288324000,66,172.19.0.7,172.19.0.8
19.288611000,70,172.19.0.9,172.19.0.8
19.288637000,66,172.19.0.8,172.19.0.9
20.280351000,75,172.19.0.7,172.19.0.8
20.282079000,75,172.19.0.8,172.19.0.9
20.282740000,70,172.19.0.8,172.19.0.7
20.283117000,66,172.19.0.7,172.19.0.8
20.284582000,75,172.19.0.7,172.19.0.8
20.289513000,70,172.19.0.8,172.19.0.7
20.289720000,84,172.19.0.7,172.19.0.8
20.289988000,70,172.19.0.8,172.19.0.7
20.290058000,66,172.19.0.7,172.19.0.8
20.290274000,70,172.19.0.8,172.19.0.7
20.290340000,66,172.19.0.7,172.19.0.8
20.291019000,70,172.19.0.9,172.19.0.8
20.291058000,93,172.19.0.8,172.19.0.9
20.291313000,70,172.19.0.9,172.19.0.8
20.291448000,66,172.19.0.8,172.19.0.9
20.293436000,70,172.19.0.9,172.19.0.8
20.293462000,66,172.19.0.8,172.19.0.9
20.293741000,70,172.19.0.9,172.19.0.8
20.293764000,66,172.19.0.8,172.19.0.9
20.294954000,75,172.19.0.7,172.19.0.8
20.297637000,75,172.19.0.8,172.19.0.9
20.299393000,70,172.19.0.9,172.19.0.8
20.299421000,66,172.19.0.8,172.19.0.9
20.299663000,70,172.19.0.8,172.19.0.7
20.300232000,84,172.19.0.7,172.19.0.8
20.300506000,75,172.19.0.8,172.19.0.9
20.300659000,70,172.19.0.8,172.19.0.7
20.301146000,70,172.19.0.9,172.19.0.8
20.301179000,75,172.19.0.8,172.19.0.9
20.301522000,70,172.19.0.9,172.19.0.8
20.301547000,66,172.19.0.8,172.19.0.9
20.342224000,66,172.19.0.7,172.19.0.8
20.342257000,70,172.19.0.8,172.19.0.7
20.342395000,66,172.19.0.7,172.19.0.8
21.282982000,76,172.19.0.7,172.19.0.8
21.283478000,76,172.19.0.8,172.19.0.9
21.283848000,70,172.19.0.8,172.19.0.7
21.283987000,76,172.19.0.7,172.19.0.8
21.284265000,70,172.19.0.8,172.19.0.7
21.284339000,66,172.19.0.7,172.19.0.8
21.285405000,76,172.19.0.7,172.19.0.8
21.285889000,70,172.19.0.8,172.19.0.7
21.286016000,66,172.19.0.7,172.19.0.8
21.286033000,70,172.19.0.9,172.19.0.8
21.286067000,86,172.19.0.8,172.19.0.9
21.287681000,70,172.19.0.9,172.19.0.8
21.287707000,66,172.19.0.8,172.19.0.9
21.287947000,70,172.19.0.9,172.19.0.8
21.287979000,66,172.19.0.8,172.19.0.9
21.295639000,76,172.19.0.7,172.19.0.8
21.296232000,76,172.19.0.8,172.19.0.9
21.296454000,70,172.19.0.9,172.19.0.8
21.296676000,70,172.19.0.8,172.19.0.7
21.296795000,76,172.19.0.7,172.19.0.8
21.297001000,76,172.19.0.8,172.19.0.9
21.297212000,70,172.19.0.9,172.19.0.8
21.297686000,70,172.19.0.8,172.19.0.7
21.297812000,66,172.19.0.7,172.19.0.8
21.298643000,76,172.19.0.7,172.19.0.8
21.299622000,76,172.19.0.8,172.19.0.9
21.299818000,70,172.19.0.9,172.19.0.8
21.300138000,70,172.19.0.8,172.19.0.7
21.300260000,66,172.19.0.7,172.19.0.8
21.301812000,76,172.19.0.7,172.19.0.8
21.302477000,76,172.19.0.8,172.19.0.9
21.302644000,70,172.19.0.9,172.19.0.8
21.303101000,70,172.19.0.8,172.19.0.7
21.303211000,66,172.19.0.7,172.19.0.8
21.346074000,66,172.19.0.8,172.19.0.9
22.283219000,76,172.19.0.7,172.19.0.8
22.284353000,76,172.19.0.8,172.19.0.9
22.284890000,70,172.19.0.8,172.19.0.7
22.285077000,76,172.19.0.7,172.19.0.8
22.285407000,70,172.19.0.9,172.19.0.8
22.285424000,70,172.19.0.8,172.19.0.7
22.285450000,76,172.19.0.8,172.19.0.9
22.285489000,66,172.19.0.7,172.19.0.8
22.285818000,70,172.19.0.9,172.19.0.8
22.285847000,66,172.19.0.8,172.19.0.9
22.286379000,76,172.19.0.7,172.19.0.8
22.288443000,76,172.19.0.8,172.19.0.9
22.288774000,70,172.19.0.8,172.19.0.7
22.288938000,96,172.19.0.7,172.19.0.8
22.289445000,70,172.19.0.8,172.19.0.7
22.289536000,66,172.19.0.7,172.19.0.8
22.289632000,70,172.19.0.9,172.19.0.8
22.289686000,76,172.19.0.8,172.19.0.9
22.289844000,70,172.19.0.8,172.19.0.7
22.289943000,66,172.19.0.7,172.19.0.8
22.289988000,70,172.19.0.9,172.19.0.8
22.290039000,76,172.19.0.8,172.19.0.9
22.290420000,70,172.19.0.9,172.19.0.8
22.290442000,70,172.19.0.8,172.19.0.7
22.290498000,76,172.19.0.8,172.19.0.9
22.290551000,66,172.19.0.7,172.19.0.8
22.290759000,70,172.19.0.9,172.19.0.8
22.290789000,66,172.19.0.8,172.19.0.9
22.297895000,76,172.19.0.7,172.19.0.8
22.298619000,76,172.19.0.8,172.19.0.9
22.298784000,70,172.19.0.8,172.19.0.7
22.298917000,66,172.19.0.7,172.19.0.8
22.299201000,70,172.19.0.9,172.19.0.8
22.299251000,66,172.19.0.8,172.19.0.9
23.283746000,76,172.19.0.7,172.19.0.8
23.284220000,76,172.19.0.8,172.19.0.9
23.284343000,70,172.19.0.8,172.19.0.7
23.284510000,66,172.19.0.7,172.19.0.8
23.285032000,70,172.19.0.9,172.19.0.8
23.285058000,66,172.19.0.8,172.19.0.9
23.286286000,76,172.19.0.7,172.19.0.8
23.287247000,76,172.19.0.8,172.19.0.9
23.288115000,70,172.19.0.8,172.19.0.7
23.288225000,66,172.19.0.7,172.19.0.8
23.288896000,70,172.19.0.9,172.19.0.8
23.288925000,66,172.19.0.8,172.19.0.9
23.292448000,76,172.19.0.7,172.19.0.8
23.293143000,76,172.19.0.8,172.19.0.9
23.294152000,70,172.19.0.9,172.19.0.8
23.294180000,66,172.19.0.8,172.19.0.9
23.296892000,70,172.19.0.8,172.19.0.7
23.297026000,86,172.19.0.7,172.19.0.8
23.297278000,76,172.19.0.8,172.19.0.9
23.297541000,70,172.19.0.8,172.19.0.7
23.297765000,70,172.19.0.9,172.19.0.8
23.297791000,66,172.19.0.8,172.19.0.9
23.297853000,76,172.19.0.7,172.19.0.8
23.297870000,76,172.19.0.8,172.19.0.9
23.297933000,70,172.19.0.8,172.19.0.7
23.298033000,70,172.19.0.9,172.19.0.8
23.298056000,66,172.19.0.8,172.19.0.9
23.298133000,76,172.19.0.8,172.19.0.9
23.298253000,70,172.19.0.9,172.19.0.8
23.298284000,66,172.19.0.8,172.19.0.9
23.298284000,76,172.19.0.7,172.19.0.8
23.298315000,70,172.19.0.8,172.19.0.7
23.298983000,76,172.19.0.8,172.19.0.9
23.299856000,70,172.19.0.9,172.19.0.8
23.299884000,66,172.19.0.8,172.19.0.9
23.338552000,66,172.19.0.7,172.19.0.8
23.338586000,70,172.19.0.8,172.19.0.7
23.338668000,66,172.19.0.7,172.19.0.8
24.283970000,76,172.19.0.7,172.19.0.8
24.284593000,76,172.19.0.8,172.19.0.9
24.284745000,70,172.19.0.8,172.19.0.7
24.284825000,66,172.19.0.7,172.19.0.8
24.285143000,70,172.19.0.9,172.19.0.8
24.285207000,66,172.19.0.8,172.19.0.9
24.286747000,76,172.19.0.7,172.19.0.8
24.287692000,76,172.19.0.8,172.19.0.9
24.287927000,70,172.19.0.8,172.19.0.7
24.288107000,66,172.19.0.7,172.19.0.8
24.288362000,70,172.19.0.9,172.19.0.8
24.288428000,66,172.19.0.8,172.19.0.9
24.290772000,76,172.19.0.7,172.19.0.8
24.291699000,76,172.19.0.8,172.19.0.9
24.292042000,70,172.19.0.8,172.19.0.7
24.292113000,66,172.19.0.7,172.19.0.8
24.292418000,70,172.19.0.9,172.19.0.8
24.292443000,66,172.19.0.8,172.19.0.9
24.293156000,76,172.19.0.7,172.19.0.8
24.294569000,76,172.19.0.8,172.19.0.9
24.294869000,70,172.19.0.8,172.19.0.7
24.294975000,76,172.19.0.7,172.19.0.8
24.295287000,70,172.19.0.8,172.19.0.7
24.295350000,76,172.19.0.7,172.19.0.8
24.296211000,70,172.19.0.9,172.19.0.8
24.296284000,76,172.19.0.8,172.19.0.9
24.296690000,70,172.19.0.9,172.19.0.8
24.296719000,66,172.19.0.8,172.19.0.9
24.297489000,76,172.19.0.8,172.19.0.9
24.297626000,70,172.19.0.8,172.19.0.7
24.298286000,76,172.19.0.7,172.19.0.8
24.298601000,70,172.19.0.9,172.19.0.8
24.298625000,66,172.19.0.8,172.19.0.9
24.299502000,76,172.19.0.8,172.19.0.9
24.299658000,70,172.19.0.8,172.19.0.7
24.299793000,66,172.19.0.7,172.19.0.8
24.299803000,70,172.19.0.9,172.19.0.8
24.299827000,66,172.19.0.8,172.19.0.9
25.285055000,75,172.19.0.7,172.19.0.8
25.287596000,75,172.19.0.8,172.19.0.9
25.288089000,70,172.19.0.8,172.19.0.7
25.288168000,70,172.19.0.9,172.19.0.8
25.288212000,66,172.19.0.8,172.19.0.9
25.288264000,66,172.19.0.7,172.19.0.8
25.293633000,75,172.19.0.7,172.19.0.8
25.295453000,75,172.19.0.8,172.19.0.9
25.295622000,70,172.19.0.8,172.19.0.7
25.295728000,93,172.19.0.7,172.19.0.8
25.295873000,70,172.19.0.9,172.19.0.8
25.295933000,75,172.19.0.8,172.19.0.9
25.296066000,70,172.19.0.9,172.19.0.8
25.296092000,66,172.19.0.8,172.19.0.9
25.296134000,70,172.19.0.8,172.19.0.7
25.296502000,75,172.19.0.8,172.19.0.9
25.297694000,70,172.19.0.9,172.19.0.8
25.297729000,75,172.19.0.8,172.19.0.9
25.297883000,75,172.19.0.7,172.19.0.8
25.297932000,70,172.19.0.9,172.19.0.8
25.297953000,74,172.19.0.8,172.19.0.7
25.297981000,66,172.19.0.8,172.19.0.9
25.298404000,75,172.19.0.8,172.19.0.9
25.298481000,75,172.19.0.7,172.19.0.8
25.298523000,70,172.19.0.8,172.19.0.7
25.299336000,70,172.19.0.9,172.19.0.8
25.299370000,75,172.19.0.8,172.19.0.9
25.299568000,70,172.19.0.9,172.19.0.8
25.299592000,66,172.19.0.8,172.19.0.9
25.342338000,66,172.19.0.7,172.19.0.8
25.342373000,70,172.19.0.8,172.19.0.7
25.342485000,66,172.19.0.7,172.19.0.8
26.291874000,76,172.19.0.7,172.19.0.8
26.293597000,76,172.19.0.8,172.19.0.9
26.293922000,70,172.19.0.8,172.19.0.7
26.293993000,116,172.19.0.7,172.19.0.8
26.294233000,70,172.19.0.8,172.19.0.7
26.294253000,70,172.19.0.9,172.19.0.8
26.294289000,76,172.19.0.8,172.19.0.9
26.294294000,66,172.19.0.7,172.19.0.8
26.294449000,70,172.19.0.9,172.19.0.8
26.294474000,66,172.19.0.8,172.19.0.9
26.294514000,76,172.19.0.7,172.19.0.8
26.294830000,76,172.19.0.8,172.19.0.9
26.294945000,70,172.19.0.8,172.19.0.7
26.295163000,66,172.19.0.7,172.19.0.8
26.295194000,70,172.19.0.9,172.19.0.8
26.296056000,76,172.19.0.8,172.19.0.9
26.296222000,70,172.19.0.8,172.19.0.7
26.296320000,66,172.19.0.7,172.19.0.8
26.296477000,70,172.19.0.9,172.19.0.8
26.296554000,76,172.19.0.8,172.19.0.9
26.296615000,70,172.19.0.8,172.19.0.7
26.296690000,66,172.19.0.7,172.19.0.8
26.296695000,70,172.19.0.9,172.19.0.8
26.297303000,76,172.19.0.8,172.19.0.9
26.297566000,70,172.19.0.8,172.19.0.7
26.297687000,66,172.19.0.7,172.19.0.8
26.297797000,70,172.19.0.9,172.19.0.8
26.298244000,76,172.19.0.8,172.19.0.9
26.298517000,70,172.19.0.8,172.19.0.7
26.298568000,70,172.19.0.9,172.19.0.8
26.298622000,66,172.19.0.7,172.19.0.8
26.343571000,66,172.19.0.8,172.19.0.9
27.288263000,76,172.19.0.7,172.19.0.8
27.288851000,76,172.19.0.8,172.19.0.9
27.289390000,70,172.19.0.9,172.19.0.8
27.289435000,66,172.19.0.8,172.19.0.9
27.289753000,70,172.19.0.8,172.19.0.7
27.289875000,76,172.19.0.7,172.19.0.8
27.290758000,76,172.19.0.8,172.19.0.9
27.291014000,70,172.19.0.8,172.19.0.7
27.291132000,66,172.19.0.7,172.19.0.8
27.291281000,70,172.19.0.9,172.19.0.8
27.291315000,66,172.19.0.8,172.19.0.9
27.295433000,76,172.19.0.7,172.19.0.8
27.296097000,76,172.19.0.8,172.19.0.9
27.296274000,70,172.19.0.8,172.19.0.7
27.296462000,66,172.19.0.7,172.19.0.8
27.296488000,76,172.19.0.7,172.19.0.8
27.296542000,70,172.19.0.9,172.19.0.8
27.296571000,66,172.19.0.8,172.19.0.9
27.297675000,76,172.19.0.8,172.19.0.9
27.297955000,70,172.19.0.9,172.19.0.8
27.297982000,66,172.19.0.8,172.19.0.9
27.300035000,70,172.19.0.8,172.19.0.7
27.300093000,66,172.19.0.7,172.19.0.8
27.301433000,76,172.19.0.7,172.19.0.8
27.302897000,76,172.19.0.8,172.19.0.9
27.303150000,70,172.19.0.8,172.19.0.7
27.303238000,76,172.19.0.7,172.19.0.8
27.303354000,70,172.19.0.9,172.19.0.8
27.303383000,66,172.19.0.8,172.19.0.9
27.303481000,76,172.19.0.8,172.19.0.9
27.303565000,70,172.19.0.8,172.19.0.7
27.303635000,70,172.19.0.9,172.19.0.8
27.303668000,66,172.19.0.8,172.19.0.9
27.306151000,76,172.19.0.7,172.19.0.8
27.306735000,76,172.19.0.8,172.19.0.9
27.306846000,70,172.19.0.8,172.19.0.7
27.307291000,70,172.19.0.9,172.19.0.8
27.307320000,66,172.19.0.8,172.19.0.9
27.350469000,66,172.19.0.7,172.19.0.8
28.288963000,75,172.19.0.7,172.19.0.8
28.289679000,75,172.19.0.8,172.19.0.9
28.289852000,70,172.19.0.8,172.19.0.7
28.289939000,66,172.19.0.7,172.19.0.8
28.290564000,70,172.19.0.9,172.19.0.8
28.290592000,66,172.19.0.8,172.19.0.9
28.290789000,75,172.19.0.7,172.19.0.8
28.291954000,75,172.19.0.8,172.19.0.9
28.292273000,70,172.19.0.8,172.19.0.7
28.292301000,70,172.19.0.9,172.19.0.8
28.292329000,66,172.19.0.8,172.19.0.9
28.292340000,102,172.19.0.7,172.19.0.8
28.292802000,75,172.19.0.8,172.19.0.9
28.293014000,70,172.19.0.8,172.19.0.7
28.293079000,66,172.19.0.7,172.19.0.8
28.293138000,70,172.19.0.9,172.19.0.8
28.293166000,66,172.19.0.8,172.19.0.9
28.293243000,75,172.19.0.8,172.19.0.9
28.293303000,70,172.19.0.8,172.19.0.7
28.293356000,66,172.19.0.7,172.19.0.8
28.293360000,70,172.19.0.9,172.19.0.8
28.293392000,66,172.19.0.8,172.19.0.9
28.293482000,75,172.19.0.8,172.19.0.9
28.293584000,70,172.19.0.8,172.19.0.7
28.293641000,66,172.19.0.7,172.19.0.8
28.293668000,70,172.19.0.9,172.19.0.8
28.293698000,66,172.19.0.8,172.19.0.9
28.293897000,75,172.19.0.8,172.19.0.9
28.293989000,70,172.19.0.8,172.19.0.7
28.294041000,66,172.19.0.7,172.19.0.8
28.294786000,70,172.19.0.9,172.19.0.8
28.294812000,66,172.19.0.8,172.19.0.9
28.295006000,75,172.19.0.7,172.19.0.8
28.297909000,75,172.19.0.8,172.19.0.9
28.298022000,70,172.19.0.8,172.19.0.7
28.298179000,66,172.19.0.7,172.19.0.8
28.299198000,70,172.19.0.9,172.19.0.8
28.299272000,66,172.19.0.8,172.19.0.9
29.287268000,76,172.19.0.7,172.19.0.8
29.288103000,76,172.19.0.8,172.19.0.9
29.288333000,70,172.19.0.8,172.19.0.7
29.288526000,66,172.19.0.7,172.19.0.8
29.288543000,70,172.19.0.9,172.19.0.8
29.288593000,66,172.19.0.8,172.19.0.9
29.290734000,76,172.19.0.7,172.19.0.8
29.291200000,76,172.19.0.8,172.19.0.9
29.291312000,70,172.19.0.8,172.19.0.7
29.291456000,66,172.19.0.7,172.19.0.8
29.291585000,70,172.19.0.9,172.19.0.8
29.291637000,66,172.19.0.8,172.19.0.9
29.294353000,76,172.19.0.7,172.19.0.8
29.294707000,76,172.19.0.8,172.19.0.9
29.294824000,70,172.19.0.8,172.19.0.7
29.294954000,66,172.19.0.7,172.19.0.8
29.295651000,70,172.19.0.9,172.19.0.8
29.295681000,66,172.19.0.8,172.19.0.9
29.295854000,76,172.19.0.7,172.19.0.8
29.297600000,76,172.19.0.8,172.19.0.9
29.297690000,70,172.19.0.8,172.19.0.7
29.297922000,86,172.19.0.7,172.19.0.8
29.298597000,70,172.19.0.8,172.19.0.7
29.298843000,66,172.19.0.7,172.19.0.8
29.298895000,70,172.19.0.9,172.19.0.8
29.298930000,76,172.19.0.8,172.19.0.9
29.299124000,70,172.19.0.9,172.19.0.8
29.299175000,76,172.19.0.8,172.19.0.9
29.299190000,70,172.19.0.8,172.19.0.7
29.299339000,70,172.19.0.9,172.19.0.8
29.299441000,66,172.19.0.7,172.19.0.8
29.300906000,76,172.19.0.7,172.19.0.8
29.301351000,76,172.19.0.8,172.19.0.9
29.301637000,70,172.19.0.8,172.19.0.7
29.301740000,66,172.19.0.7,172.19.0.8
29.301798000,70,172.19.0.9,172.19.0.8
29.342475000,66,172.19.0.8,172.19.0.9
30.288509000,75,172.19.0.7,172.19.0.8
30.288960000,75,172.19.0.8,172.19.0.9
30.289087000,70,172.19.0.8,172.19.0.7
30.289194000,66,172.19.0.7,172.19.0.8
30.289235000,70,172.19.0.9,172.19.0.8
30.289263000,66,172.19.0.8,172.19.0.9
30.290602000,75,172.19.0.7,172.19.0.8
30.292351000,75,172.19.0.8,172.19.0.9
30.292530000,70,172.19.0.8,172.19.0.7
30.292580000,70,172.19.0.9,172.19.0.8
30.292595000,75,172.19.0.7,172.19.0.8
30.292608000,66,172.19.0.8,172.19.0.9
30.292841000,75,172.19.0.8,172.19.0.9
30.292973000,70,172.19.0.8,172.19.0.7
30.293035000,75,172.19.0.7,172.19.0.8
30.293332000,70,172.19.0.9,172.19.0.8
30.293359000,66,172.19.0.8,172.19.0.9
30.293430000,75,172.19.0.8,172.19.0.9
30.293498000,70,172.19.0.8,172.19.0.7
30.293559000,75,172.19.0.7,172.19.0.8
30.293723000,70,172.19.0.8,172.19.0.7
30.293748000,70,172.19.0.9,172.19.0.8
30.293796000,75,172.19.0.8,172.19.0.9
30.293801000,75,172.19.0.7,172.19.0.8
30.294017000,70,172.19.0.9,172.19.0.8
30.294050000,75,172.19.0.8,172.19.0.9
30.294117000,70,172.19.0.8,172.19.0.7
30.294179000,75,172.19.0.7,172.19.0.8
30.294376000,70,172.19.0.9,172.19.0.8
30.294402000,66,172.19.0.8,172.19.0.9
30.294517000,75,172.19.0.8,172.19.0.9
30.294584000,70,172.19.0.8,172.19.0.7
30.294677000,70,172.19.0.9,172.19.0.8
30.294701000,66,172.19.0.8,172.19.0.9
30.339160000,66,172.19.0.7,172.19.0.8
31.288496000,76,172.19.0.7,172.19.0.8
31.288699000,76,172.19.0.8,172.19.0.9
31.288813000,70,172.19.0.8,172.19.0.7
31.288870000,66,172.19.0.7,172.19.0.8
31.289434000,70,172.19.0.9,172.19.0.8
31.289468000,66,172.19.0.8,172.19.0.9
31.289734000,76,172.19.0.7,172.19.0.8
31.290098000,76,172.19.0.8,172.19.0.9
31.290744000,70,172.19.0.8,172.19.0.7
31.290804000,66,172.19.0.7,172.19.0.8
31.290867000,70,172.19.0.9,172.19.0.8
31.290894000,66,172.19.0.8,172.19.0.9
31.297777000,76,172.19.0.7,172.19.0.8
31.298505000,76,172.19.0.8,172.19.0.9
31.298684000,70,172.19.0.8,172.19.0.7
31.298758000,66,172.19.0.7,172.19.0.8
31.298952000,70,172.19.0.9,172.19.0.8
31.298980000,66,172.19.0.8,172.19.0.9
31.299722000,76,172.19.0.7,172.19.0.8
31.299884000,76,172.19.0.8,172.19.0.9
31.300029000,70,172.19.0.8,172.19.0.7
31.300106000,66,172.19.0.7,172.19.0.8
31.300596000,70,172.19.0.9,172.19.0.8
31.300623000,66,172.19.0.8,172.19.0.9
31.300773000,76,172.19.0.7,172.19.0.8
31.300931000,76,172.19.0.8,172.19.0.9
31.301121000,70,172.19.0.8,172.19.0.7
31.301177000,66,172.19.0.7,172.19.0.8
31.301606000,70,172.19.0.9,172.19.0.8
31.301733000,66,172.19.0.8,172.19.0.9
31.302585000,76,172.19.0.7,172.19.0.8
31.309313000,76,172.19.0.8,172.19.0.9
31.309967000,70,172.19.0.9,172.19.0.8
31.309995000,66,172.19.0.8,172.19.0.9
31.310173000,70,172.19.0.8,172.19.0.7
31.310296000,76,172.19.0.7,172.19.0.8
31.310479000,76,172.19.0.8,172.19.0.9
31.310933000,70,172.19.0.9,172.19.0.8
31.310962000,66,172.19.0.8,172.19.0.9
31.311157000,70,172.19.0.8,172.19.0.7
31.355206000,66,172.19.0.7,172.19.0.8
32.290211000,76,172.19.0.7,172.19.0.8
32.290826000,76,172.19.0.8,172.19.0.9
32.291653000,70,172.19.0.8,172.19.0.7
32.291711000,66,172.19.0.7,172.19.0.8
32.292189000,76,172.19.0.7,172.19.0.8
32.293607000,70,172.19.0.8,172.19.0.7
32.293868000,66,172.19.0.7,172.19.0.8
32.293902000,70,172.19.0.9,172.19.0.8
32.293937000,76,172.19.0.8,172.19.0.9
32.294090000,70,172.19.0.9,172.19.0.8
32.297617000,76,172.19.0.7,172.19.0.8
32.309621000,76,172.19.0.8,172.19.0.9
32.309780000,70,172.19.0.8,172.19.0.7
32.309977000,106,172.19.0.7,172.19.0.8
32.310149000,70,172.19.0.8,172.19.0.7
32.310240000,66,172.19.0.7,172.19.0.8
32.310677000,70,172.19.0.8,172.19.0.7
32.310709000,70,172.19.0.9,172.19.0.8
32.310744000,86,172.19.0.8,172.19.0.9
32.310788000,66,172.19.0.7,172.19.0.8
32.310899000,70,172.19.0.9,172.19.0.8
32.310959000,76,172.19.0.8,172.19.0.9
32.311021000,70,172.19.0.8,172.19.0.7
32.311091000,66,172.19.0.7,172.19.0.8
32.311150000,70,172.19.0.9,172.19.0.8
32.311366000,76,172.19.0.8,172.19.0.9
32.311408000,70,172.19.0.9,172.19.0.8
32.311495000,70,172.19.0.8,172.19.0.7
32.311555000,66,172.19.0.7,172.19.0.8
32.354488000,66,172.19.0.8,172.19.0.9
32.354559000,70,172.19.0.9,172.19.0.8
32.354578000,66,172.19.0.8,172.19.0.9
33.295483000,75,172.19.0.7,172.19.0.8
33.296065000,75,172.19.0.8,172.19.0.9
33.296264000,70,172.19.0.8,172.19.0.7
33.296554000,66,172.19.0.7,172.19.0.8
33.296963000,70,172.19.0.9,172.19.0.8
33.297016000,66,172.19.0.8,172.19.0.9
33.298707000,75,172.19.0.7,172.19.0.8
33.299074000,75,172.19.0.8,172.19.0.9
33.299184000,70,172.19.0.8,172.19.0.7
33.299287000,75,172.19.0.7,172.19.0.8
33.299616000,70,172.19.0.8,172.19.0.7
33.299713000,75,172.19.0.7,172.19.0.8
33.300405000,70,172.19.0.8,172.19.0.7
33.300498000,75,172.19.0.7,172.19.0.8
33.300970000,70,172.19.0.8,172.19.0.7
33.301181000,75,172.19.0.7,172.19.0.8
33.301388000,70,172.19.0.9,172.19.0.8
33.301424000,93,172.19.0.8,172.19.0.9
33.301584000,70,172.19.0.9,172.19.0.8
33.301611000,66,172.19.0.8,172.19.0.9
33.301860000,70,172.19.0.9,172.19.0.8
33.301887000,66,172.19.0.8,172.19.0.9
33.302141000,70,172.19.0.9,172.19.0.8
33.302179000,66,172.19.0.8,172.19.0.9
33.302944000,75,172.19.0.8,172.19.0.9
33.303081000,70,172.19.0.8,172.19.0.7
33.303258000,75,172.19.0.7,172.19.0.8
33.303904000,70,172.19.0.9,172.19.0.8
33.303925000,70,172.19.0.8,172.19.0.7
33.303966000,75,172.19.0.8,172.19.0.9
33.304139000,70,172.19.0.9,172.19.0.8
33.304169000,66,172.19.0.8,172.19.0.9
33.346206000,66,172.19.0.7,172.19.0.8
34.290924000,76,172.19.0.7,172.19.0.8
34.292366000,76,172.19.0.8,172.19.0.9
34.292792000,70,172.19.0.8,172.19.0.7
34.292888000,70,172.19.0.9,172.19.0.8
34.292912000,76,172.19.0.7,172.19.0.8
34.292914000,66,172.19.0.8,172.19.0.9
34.293236000,76,172.19.0.8,172.19.0.9
34.293324000,70,172.19.0.8,172.19.0.7
34.293429000,66,172.19.0.7,172.19.0.8
34.293702000,70,172.19.0.9,172.19.0.8
34.293727000,66,172.19.0.8,172.19.0.9
34.294431000,76,172.19.0.7,172.19.0.8
34.295195000,76,172.19.0.8,172.19.0.9
34.295311000,70,172.19.0.8,172.19.0.7
34.295419000,66,172.19.0.7,172.19.0.8
34.295557000,70,172.19.0.9,172.19.0.8
34.295593000,66,172.19.0.8,172.19.0.9
34.298278000,76,172.19.0.7,172.19.0.8
34.298946000,76,172.19.0.8,172.19.0.9
34.299094000,70,172.19.0.8,172.19.0.7
34.299201000,66,172.19.0.7,172.19.0.8
34.299280000,70,172.19.0.9,172.19.0.8
34.299308000,66,172.19.0.8,172.19.0.9
34.301331000,76,172.19.0.7,172.19.0.8
34.301933000,76,172.19.0.8,172.19.0.9
34.302061000,70,172.19.0.8,172.19.0.7
34.302175000,76,172.19.0.7,172.19.0.8
34.302452000,70,172.19.0.9,172.19.0.8
34.302480000,66,172.19.0.8,172.19.0.9
34.303107000,76,172.19.0.8,172.19.0.9
34.303215000,70,172.19.0.8,172.19.0.7
34.303378000,76,172.19.0.7,172.19.0.8
34.303456000,70,172.19.0.9,172.19.0.8
34.303484000,66,172.19.0.8,172.19.0.9
34.307359000,76,172.19.0.8,172.19.0.9
34.307717000,70,172.19.0.9,172.19.0.8
34.307749000,66,172.19.0.8,172.19.0.9
34.307750000,70,172.19.0.8,172.19.0.7
34.350568000,66,172.19.0.7,172.19.0.8
35.297974000,76,172.19.0.7,172.19.0.8
35.301054000,76,172.19.0.8,172.19.0.9
35.301175000,70,172.19.0.8,172.19.0.7
35.301330000,126,172.19.0.7,172.19.0.8
35.301340000,70,172.19.0.9,172.19.0.8
35.301373000,66,172.19.0.8,172.19.0.9
35.301692000,76,172.19.0.8,172.19.0.9
35.301934000,70,172.19.0.8,172.19.0.7
35.302081000,66,172.19.0.7,172.19.0.8
35.302786000,70,172.19.0.8,172.19.0.7
35.302968000,66,172.19.0.7,172.19.0.8
35.303207000,70,172.19.0.9,172.19.0.8
35.303245000,76,172.19.0.8,172.19.0.9
35.303322000,70,172.19.0.8,172.19.0.7
35.303387000,66,172.19.0.7,172.19.0.8
35.303419000,70,172.19.0.9,172.19.0.8
35.303469000,76,172.19.0.8,172.19.0.9
35.303652000,70,172.19.0.9,172.19.0.8
35.303685000,76,172.19.0.8,172.19.0.9
35.303707000,70,172.19.0.8,172.19.0.7
35.303845000,66,172.19.0.7,172.19.0.8
35.303866000,70,172.19.0.9,172.19.0.8
35.304015000,66,172.19.0.8,172.19.0.9
35.304542000,76,172.19.0.8,172.19.0.9
35.304640000,70,172.19.0.8,172.19.0.7
35.304743000,66,172.19.0.7,172.19.0.8
35.305228000,70,172.19.0.8,172.19.0.7
35.305414000,66,172.19.0.7,172.19.0.8
35.306045000,70,172.19.0.9,172.19.0.8
35.306082000,76,172.19.0.8,172.19.0.9
35.306236000,70,172.19.0.9,172.19.0.8
35.351125000,66,172.19.0.8,172.19.0.9
36.294973000,76,172.19.0.7,172.19.0.8
36.297289000,76,172.19.0.8,172.19.0.9
36.297426000,70,172.19.0.8,172.19.0.7
36.297502000,66,172.19.0.7,172.19.0.8
36.297623000,70,172.19.0.9,172.19.0.8
36.297653000,66,172.19.0.8,172.19.0.9
36.299217000,76,172.19.0.7,172.19.0.8
36.300295000,76,172.19.0.8,172.19.0.9
36.300687000,70,172.19.0.9,172.19.0.8
36.300715000,66,172.19.0.8,172.19.0.9
36.300857000,70,172.19.0.8,172.19.0.7
36.300932000,66,172.19.0.7,172.19.0.8
36.302730000,76,172.19.0.7,172.19.0.8
36.312921000,76,172.19.0.8,172.19.0.9
36.313020000,70,172.19.0.8,172.19.0.7
36.313134000,106,172.19.0.7,172.19.0.8
36.313337000,70,172.19.0.8,172.19.0.7
36.313414000,66,172.19.0.7,172.19.0.8
36.313597000,70,172.19.0.9,172.19.0.8
36.313603000,70,172.19.0.8,172.19.0.7
36.313634000,86,172.19.0.8,172.19.0.9
36.313655000,66,172.19.0.7,172.19.0.8
36.313793000,70,172.19.0.9,172.19.0.8
36.313802000,70,172.19.0.8,172.19.0.7
36.313826000,76,172.19.0.8,172.19.0.9
36.313854000,66,172.19.0.7,172.19.0.8
36.314033000,70,172.19.0.9,172.19.0.8
36.314059000,66,172.19.0.8,172.19.0.9
36.314212000,70,172.19.0.9,172.19.0.8
36.314236000,66,172.19.0.8,172.19.0.9
36.314638000,76,172.19.0.8,172.19.0.9
36.314748000,70,172.19.0.8,172.19.0.7
36.314849000,66,172.19.0.7,172.19.0.8
36.315062000,70,172.19.0.9,172.19.0.8
36.315096000,66,172.19.0.8,172.19.0.9
37.296450000,76,172.19.0.7,172.19.0.8
37.297159000,76,172.19.0.8,172.19.0.9
37.297349000,70,172.19.0.8,172.19.0.7
37.297418000,66,172.19.0.7,172.19.0.8
37.297955000,70,172.19.0.9,172.19.0.8
37.297983000,66,172.19.0.8,172.19.0.9
37.298811000,76,172.19.0.7,172.19.0.8
37.299145000,76,172.19.0.8,172.19.0.9
37.299390000,70,172.19.0.8,172.19.0.7
37.299472000,76,172.19.0.7,172.19.0.8
37.299805000,70,172.19.0.8,172.19.0.7
37.300056000,66,172.19.0.7,172.19.0.8
37.303823000,70,172.19.0.9,172.19.0.8
37.303859000,76,172.19.0.8,172.19.0.9
37.304154000,70,172.19.0.9,172.19.0.8
37.304180000,66,172.19.0.8,172.19.0.9
37.304674000,76,172.19.0.7,172.19.0.8
37.305104000,76,172.19.0.8,172.19.0.9
37.305224000,70,172.19.0.8,172.19.0.7
37.305283000,66,172.19.0.7,172.19.0.8
37.305958000,70,172.19.0.9,172.19.0.8
37.305984000,66,172.19.0.8,172.19.0.9
37.306371000,76,172.19.0.7,172.19.0.8
37.307165000,76,172.19.0.8,172.19.0.9
37.307288000,70,172.19.0.8,172.19.0.7
37.307361000,86,172.19.0.7,172.19.0.8
37.307514000,70,172.19.0.8,172.19.0.7
37.307590000,66,172.19.0.7,172.19.0.8
37.307738000,70,172.19.0.9,172.19.0.8
37.307775000,86,172.19.0.8,172.19.0.9
37.307875000,70,172.19.0.9,172.19.0.8
37.307900000,66,172.19.0.8,172.19.0.9
37.307936000,70,172.19.0.8,172.19.0.7
37.307993000,66,172.19.0.7,172.19.0.8
37.308068000,70,172.19.0.9,172.19.0.8
37.308095000,66,172.19.0.8,172.19.0.9
38.301818000,76,172.19.0.7,172.19.0.8
38.302574000,76,172.19.0.8,172.19.0.9
38.302719000,70,172.19.0.8,172.19.0.7
38.302791000,66,172.19.0.7,172.19.0.8
38.302939000,76,172.19.0.7,172.19.0.8
38.304674000,70,172.19.0.9,172.19.0.8
38.304702000,66,172.19.0.8,172.19.0.9
38.304998000,76,172.19.0.8,172.19.0.9
38.305108000,70,172.19.0.8,172.19.0.7
38.305235000,116,172.19.0.7,172.19.0.8
38.305311000,70,172.19.0.9,172.19.0.8
38.305486000,66,172.19.0.8,172.19.0.9
38.305512000,76,172.19.0.8,172.19.0.9
38.305604000,70,172.19.0.8,172.19.0.7
38.305672000,70,172.19.0.9,172.19.0.8
38.305716000,66,172.19.0.8,172.19.0.9
38.305902000,76,172.19.0.8,172.19.0.9
38.306334000,70,172.19.0.9,172.19.0.8
38.306411000,76,172.19.0.8,172.19.0.9
38.306567000,70,172.19.0.9,172.19.0.8
38.306749000,76,172.19.0.8,172.19.0.9
38.306984000,70,172.19.0.9,172.19.0.8
38.307021000,76,172.19.0.8,172.19.0.9
38.307166000,70,172.19.0.9,172.19.0.8
38.346990000,66,172.19.0.7,172.19.0.8
38.347021000,82,172.19.0.8,172.19.0.7
38.347120000,66,172.19.0.7,172.19.0.8
38.350379000,66,172.19.0.8,172.19.0.9
39.298283000,76,172.19.0.7,172.19.0.8
39.299003000,76,172.19.0.8,172.19.0.9
39.299047000,70,172.19.0.8,172.19.0.7
39.299634000,66,172.19.0.7,172.19.0.8
39.300272000,70,172.19.0.9,172.19.0.8
39.300301000,66,172.19.0.8,172.19.0.9
39.302677000,76,172.19.0.7,172.19.0.8
39.303030000,76,172.19.0.8,172.19.0.9
39.303275000,70,172.19.0.9,172.19.0.8
39.303321000,66,172.19.0.8,172.19.0.9
39.303559000,70,172.19.0.8,172.19.0.7
39.303829000,66,172.19.0.7,172.19.0.8
39.305051000,76,172.19.0.7,172.19.0.8
39.305554000,76,172.19.0.8,172.19.0.9
39.305712000,70,172.19.0.9,172.19.0.8
39.305736000,66,172.19.0.8,172.19.0.9
39.307367000,70,172.19.0.8,172.19.0.7
39.307455000,66,172.19.0.7,172.19.0.8
39.308416000,76,172.19.0.7,172.19.0.8
39.309372000,76,172.19.0.8,172.19.0.9
39.309500000,70,172.19.0.8,172.19.0.7
39.309637000,86,172.19.0.7,172.19.0.8
39.309931000,70,172.19.0.9,172.19.0.8
39.309958000,66,172.19.0.8,172.19.0.9
39.311226000,76,172.19.0.8,172.19.0.9
39.311543000,70,172.19.0.9,172.19.0.8
39.311569000,66,172.19.0.8,172.19.0.9
39.312686000,70,172.19.0.8,172.19.0.7
39.312859000,76,172.19.0.7,172.19.0.8
39.313122000,76,172.19.0.8,172.19.0.9
39.313268000,70,172.19.0.8,172.19.0.7
39.314241000,70,172.19.0.9,172.19.0.8
39.314276000,76,172.19.0.8,172.19.0.9
39.314909000,70,172.19.0.9,172.19.0.8
39.314937000,66,172.19.0.8,172.19.0.9
39.354956000,66,172.19.0.7,172.19.0.8
39.354991000,70,172.19.0.8,172.19.0.7
39.355084000,66,172.19.0.7,172.19.0.8
40.303104000,76,172.19.0.7,172.19.0.8
40.305097000,76,172.19.0.8,172.19.0.9
40.305668000,70,172.19.0.8,172.19.0.7
40.305840000,126,172.19.0.7,172.19.0.8
40.306183000,70,172.19.0.8,172.19.0.7
40.306263000,66,172.19.0.7,172.19.0.8
40.306879000,70,172.19.0.8,172.19.0.7
40.306904000,70,172.19.0.9,172.19.0.8
40.306939000,86,172.19.0.8,172.19.0.9
40.307000000,66,172.19.0.7,172.19.0.8
40.307111000,70,172.19.0.9,172.19.0.8
40.307135000,66,172.19.0.8,172.19.0.9
40.307285000,70,172.19.0.9,172.19.0.8
40.307307000,66,172.19.0.8,172.19.0.9
40.307419000,76,172.19.0.8,172.19.0.9
40.307691000,70,172.19.0.8,172.19.0.7
40.307747000,70,172.19.0.9,172.19.0.8
40.307771000,66,172.19.0.7,172.19.0.8
40.307771000,66,172.19.0.8,172.19.0.9
40.308121000,76,172.19.0.8,172.19.0.9
40.308375000,70,172.19.0.8,172.19.0.7
40.308490000,66,172.19.0.7,172.19.0.8
40.308532000,70,172.19.0.9,172.19.0.8
40.308587000,66,172.19.0.8,172.19.0.9
40.308884000,76,172.19.0.8,172.19.0.9
40.309199000,70,172.19.0.8,172.19.0.7
40.309357000,66,172.19.0.7,172.19.0.8
40.309550000,70,172.19.0.9,172.19.0.8
40.309808000,66,172.19.0.8,172.19.0.9
40.312629000,76,172.19.0.8,172.19.0.9
40.312880000,70,172.19.0.8,172.19.0.7
40.312971000,70,172.19.0.9,172.19.0.8
40.312991000,66,172.19.0.7,172.19.0.8
40.312998000,66,172.19.0.8,172.19.0.9
41.303962000,76,172.19.0.7,172.19.0.8
41.304658000,76,172.19.0.8,172.19.0.9
41.304806000,70,172.19.0.8,172.19.0.7
41.304891000,66,172.19.0.7,172.19.0.8
41.305212000,70,172.19.0.9,172.19.0.8
41.305241000,66,172.19.0.8,172.19.0.9
41.305832000,76,172.19.0.7,172.19.0.8
41.306077000,76,172.19.0.8,172.19.0.9
41.306214000,70,172.19.0.8,172.19.0.7
41.306270000,66,172.19.0.7,172.19.0.8
41.306610000,70,172.19.0.9,172.19.0.8
41.306635000,66,172.19.0.8,172.19.0.9
41.309901000,76,172.19.0.7,172.19.0.8
41.310269000,76,172.19.0.8,172.19.0.9
41.311127000,70,172.19.0.8,172.19.0.7
41.311184000,70,172.19.0.9,172.19.0.8
41.311211000,66,172.19.0.8,172.19.0.9
41.311259000,66,172.19.0.7,172.19.0.8
41.311743000,76,172.19.0.7,172.19.0.8
41.311951000,76,172.19.0.8,172.19.0.9
41.312066000,70,172.19.0.8,172.19.0.7
41.312130000,66,172.19.0.7,172.19.0.8
41.313270000,70,172.19.0.9,172.19.0.8
41.313301000,66,172.19.0.8,172.19.0.9
41.345140000,76,172.19.0.7,172.19.0.8
41.345371000,76,172.19.0.8,172.19.0.9
41.345463000,70,172.19.0.8,172.19.0.7
41.345520000,66,172.19.0.7,172.19.0.8
41.345781000,70,172.19.0.9,172.19.0.8
41.345810000,66,172.19.0.8,172.19.0.9
41.346426000,76,172.19.0.7,172.19.0.8
41.346594000,76,172.19.0.8,172.19.0.9
41.346709000,70,172.19.0.8,172.19.0.7
41.346799000,66,172.19.0.7,172.19.0.8
41.347178000,70,172.19.0.9,172.19.0.8
41.347381000,66,172.19.0.8,172.19.0.9
41.351601000,76,172.19.0.7,172.19.0.8
41.351824000,76,172.19.0.8,172.19.0.9
41.351996000,70,172.19.0.8,172.19.0.7
41.352054000,66,172.19.0.7,172.19.0.8
41.352166000,70,172.19.0.9,172.19.0.8
41.394711000,66,172.19.0.8,172.19.0.9
42.302245000,76,172.19.0.7,172.19.0.8
42.302509000,76,172.19.0.8,172.19.0.9
42.302773000,70,172.19.0.8,172.19.0.7
42.303012000,70,172.19.0.9,172.19.0.8
42.303061000,66,172.19.0.8,172.19.0.9
42.303188000,66,172.19.0.7,172.19.0.8
42.304846000,76,172.19.0.7,172.19.0.8
42.305042000,76,172.19.0.8,172.19.0.9
42.305203000,70,172.19.0.8,172.19.0.7
42.305257000,66,172.19.0.7,172.19.0.8
42.305503000,70,172.19.0.9,172.19.0.8
42.305551000,66,172.19.0.8,172.19.0.9
42.307816000,76,172.19.0.7,172.19.0.8
42.308348000,76,172.19.0.8,172.19.0.9
42.308467000,70,172.19.0.8,172.19.0.7
42.308525000,66,172.19.0.7,172.19.0.8
42.308598000,70,172.19.0.9,172.19.0.8
42.308628000,66,172.19.0.8,172.19.0.9
42.309467000,76,172.19.0.7,172.19.0.8
42.309843000,76,172.19.0.8,172.19.0.9
42.310019000,70,172.19.0.8,172.19.0.7
42.310099000,76,172.19.0.7,172.19.0.8
42.310400000,70,172.19.0.8,172.19.0.7
42.310529000,76,172.19.0.7,172.19.0.8
42.311360000,70,172.19.0.9,172.19.0.8
42.311397000,76,172.19.0.8,172.19.0.9
42.311454000,70,172.19.0.8,172.19.0.7
42.311568000,70,172.19.0.9,172.19.0.8
42.311607000,76,172.19.0.8,172.19.0.9
42.311824000,70,172.19.0.9,172.19.0.8
42.311853000,66,172.19.0.8,172.19.0.9
42.312734000,76,172.19.0.7,172.19.0.8
42.312963000,76,172.19.0.8,172.19.0.9
42.313081000,70,172.19.0.8,172.19.0.7
42.315212000,70,172.19.0.9,172.19.0.8
42.315241000,66,172.19.0.8,172.19.0.9
42.354312000,66,172.19.0.7,172.19.0.8
43.303764000,76,172.19.0.7,172.19.0.8
43.304202000,76,172.19.0.8,172.19.0.9
43.304308000,70,172.19.0.8,172.19.0.7
43.304420000,66,172.19.0.7,172.19.0.8
43.304487000,70,172.19.0.9,172.19.0.8
43.304513000,66,172.19.0.8,172.19.0.9
43.305678000,76,172.19.0.7,172.19.0.8
43.306189000,76,172.19.0.8,172.19.0.9
43.306313000,70,172.19.0.8,172.19.0.7
43.306432000,66,172.19.0.7,172.19.0.8
43.306840000,70,172.19.0.9,172.19.0.8
43.306889000,66,172.19.0.8,172.19.0.9
43.315803000,76,172.19.0.7,172.19.0.8
43.316715000,76,172.19.0.8,172.19.0.9
43.316961000,70,172.19.0.8,172.19.0.7
43.317172000,106,172.19.0.7,172.19.0.8
43.317313000,70,172.19.0.9,172.19.0.8
43.317341000,66,172.19.0.8,172.19.0.9
43.317372000,76,172.19.0.8,172.19.0.9
43.317509000,70,172.19.0.8,172.19.0.7
43.317516000,70,172.19.0.9,172.19.0.8
43.317550000,66,172.19.0.8,172.19.0.9
43.317576000,66,172.19.0.7,172.19.0.8
43.317797000,76,172.19.0.8,172.19.0.9
43.317945000,70,172.19.0.8,172.19.0.7
43.318009000,66,172.19.0.7,172.19.0.8
43.318248000,70,172.19.0.9,172.19.0.8
43.318273000,66,172.19.0.8,172.19.0.9
43.318386000,76,172.19.0.8,172.19.0.9
43.318516000,70,172.19.0.8,172.19.0.7
43.318956000,70,172.19.0.9,172.19.0.8
43.318978000,66,172.19.0.7,172.19.0.8
43.318984000,66,172.19.0.8,172.19.0.9
43.319782000,76,172.19.0.8,172.19.0.9
43.320182000,70,172.19.0.8,172.19.0.7
43.320239000,66,172.19.0.7,172.19.0.8
43.320273000,70,172.19.0.9,172.19.0.8
43.362969000,66,172.19.0.8,172.19.0.9
44.307425000,76,172.19.0.7,172.19.0.8
44.311343000,76,172.19.0.8,172.19.0.9
44.311533000,70,172.19.0.8,172.19.0.7
44.311622000,76,172.19.0.7,172.19.0.8
44.312224000,70,172.19.0.8,172.19.0.7
44.312322000,66,172.19.0.7,172.19.0.8
44.312478000,70,172.19.0.9,172.19.0.8
44.312508000,76,172.19.0.8,172.19.0.9
44.312731000,70,172.19.0.9,172.19.0.8
44.312753000,66,172.19.0.8,172.19.0.9
44.312984000,76,172.19.0.7,172.19.0.8
44.314271000,76,172.19.0.8,172.19.0.9
44.314395000,70,172.19.0.8,172.19.0.7
44.315007000,96,172.19.0.7,172.19.0.8
44.315654000,70,172.19.0.8,172.19.0.7
44.316712000,70,172.19.0.9,172.19.0.8
44.316758000,96,172.19.0.8,172.19.0.9
44.316853000,66,172.19.0.7,172.19.0.8
44.316885000,74,172.19.0.8,172.19.0.7
44.316997000,66,172.19.0.7,172.19.0.8
44.317210000,70,172.19.0.9,172.19.0.8
44.317233000,66,172.19.0.8,172.19.0.9
44.317379000,70,172.19.0.9,172.19.0.8
44.317411000,66,172.19.0.8,172.19.0.9
44.317558000,70,172.19.0.9,172.19.0.8
44.317580000,66,172.19.0.8,172.19.0.9
44.318964000,76,172.19.0.7,172.19.0.8
44.319939000,76,172.19.0.8,172.19.0.9
44.320372000,70,172.19.0.9,172.19.0.8
44.320406000,66,172.19.0.8,172.19.0.9
44.320815000,70,172.19.0.8,172.19.0.7
44.320925000,66,172.19.0.7,172.19.0.8
45.311773000,76,172.19.0.7,172.19.0.8
45.312691000,76,172.19.0.8,172.19.0.9
45.314019000,70,172.19.0.9,172.19.0.8
45.314047000,66,172.19.0.8,172.19.0.9
45.315350000,70,172.19.0.8,172.19.0.7
45.315418000,76,172.19.0.7,172.19.0.8
45.315857000,76,172.19.0.8,172.19.0.9
45.316180000,70,172.19.0.9,172.19.0.8
45.316205000,66,172.19.0.8,172.19.0.9
45.316467000,70,172.19.0.8,172.19.0.7
45.317925000,76,172.19.0.7,172.19.0.8
45.320621000,76,172.19.0.8,172.19.0.9
45.320919000,70,172.19.0.9,172.19.0.8
45.320944000,66,172.19.0.8,172.19.0.9
45.321245000,70,172.19.0.8,172.19.0.7
45.324890000,76,172.19.0.7,172.19.0.8
45.325977000,76,172.19.0.8,172.19.0.9
45.326141000,70,172.19.0.8,172.19.0.7
45.326427000,76,172.19.0.7,172.19.0.8
45.328405000,70,172.19.0.9,172.19.0.8
45.328408000,70,172.19.0.8,172.19.0.7
45.328441000,76,172.19.0.8,172.19.0.9
45.328488000,76,172.19.0.7,172.19.0.8
45.328676000,70,172.19.0.8,172.19.0.7
45.328885000,76,172.19.0.7,172.19.0.8
45.329219000,70,172.19.0.9,172.19.0.8
45.329269000,86,172.19.0.8,172.19.0.9
45.329276000,70,172.19.0.8,172.19.0.7
45.329513000,70,172.19.0.9,172.19.0.8
45.329543000,66,172.19.0.8,172.19.0.9
45.329741000,70,172.19.0.9,172.19.0.8
45.329779000,66,172.19.0.8,172.19.0.9
45.371345000,66,172.19.0.7,172.19.0.8
46.308470000,76,172.19.0.7,172.19.0.8
46.308926000,76,172.19.0.8,172.19.0.9
46.309093000,70,172.19.0.8,172.19.0.7
46.309153000,66,172.19.0.7,172.19.0.8
46.309348000,70,172.19.0.9,172.19.0.8
46.309378000,66,172.19.0.8,172.19.0.9
46.309809000,76,172.19.0.7,172.19.0.8
46.310012000,76,172.19.0.8,172.19.0.9
46.310527000,70,172.19.0.8,172.19.0.7
46.310733000,76,172.19.0.7,172.19.0.8
46.310822000,70,172.19.0.9,172.19.0.8
46.310867000,66,172.19.0.8,172.19.0.9
46.311181000,76,172.19.0.8,172.19.0.9
46.311568000,70,172.19.0.8,172.19.0.7
46.311611000,70,172.19.0.9,172.19.0.8
46.311760000,76,172.19.0.7,172.19.0.8
46.312325000,76,172.19.0.8,172.19.0.9
46.312720000,70,172.19.0.8,172.19.0.7
46.312771000,70,172.19.0.9,172.19.0.8
46.312836000,66,172.19.0.7,172.19.0.8
46.317178000,76,172.19.0.7,172.19.0.8
46.317609000,76,172.19.0.8,172.19.0.9
46.317836000,70,172.19.0.8,172.19.0.7
46.318022000,76,172.19.0.7,172.19.0.8
46.318340000,70,172.19.0.9,172.19.0.8
46.318670000,76,172.19.0.8,172.19.0.9
46.318887000,70,172.19.0.8,172.19.0.7
46.318991000,76,172.19.0.7,172.19.0.8
46.319146000,70,172.19.0.9,172.19.0.8
46.319240000,76,172.19.0.8,172.19.0.9
46.319321000,70,172.19.0.8,172.19.0.7
46.319416000,66,172.19.0.7,172.19.0.8
46.319427000,70,172.19.0.9,172.19.0.8
46.366269000,66,172.19.0.8,172.19.0.9
47.304367000,76,172.19.0.7,172.19.0.8
47.304823000,76,172.19.0.8,172.19.0.9
47.304933000,70,172.19.0.8,172.19.0.7
47.305039000,66,172.19.0.7,172.19.0.8
47.305214000,70,172.19.0.9,172.19.0.8
47.305240000,66,172.19.0.8,172.19.0.9
47.308906000,76,172.19.0.7,172.19.0.8
47.309321000,76,172.19.0.8,172.19.0.9
47.309439000,70,172.19.0.8,172.19.0.7
47.309547000,66,172.19.0.7,172.19.0.8
47.309565000,70,172.19.0.9,172.19.0.8
47.309592000,66,172.19.0.8,172.19.0.9
47.311566000,76,172.19.0.7,172.19.0.8
47.312093000,76,172.19.0.8,172.19.0.9
47.312250000,70,172.19.0.8,172.19.0.7
47.312358000,66,172.19.0.7,172.19.0.8
47.312790000,70,172.19.0.9,172.19.0.8
47.312819000,66,172.19.0.8,172.19.0.9
47.314059000,76,172.19.0.7,172.19.0.8
47.314630000,76,172.19.0.8,172.19.0.9
47.314816000,70,172.19.0.8,172.19.0.7
47.314937000,66,172.19.0.7,172.19.0.8
47.315041000,70,172.19.0.9,172.19.0.8
47.315087000,66,172.19.0.8,172.19.0.9
47.316340000,76,172.19.0.7,172.19.0.8
47.317352000,76,172.19.0.8,172.19.0.9
47.317489000,70,172.19.0.8,172.19.0.7
47.317606000,86,172.19.0.7,172.19.0.8
47.317861000,70,172.19.0.8,172.19.0.7
47.318520000,70,172.19.0.9,172.19.0.8
47.318555000,86,172.19.0.8,172.19.0.9
47.318767000,70,172.19.0.9,172.19.0.8
47.318791000,66,172.19.0.8,172.19.0.9
47.318941000,70,172.19.0.9,172.19.0.8
47.318963000,66,172.19.0.8,172.19.0.9
47.358224000,66,172.19.0.7,172.19.0.8
47.358258000,70,172.19.0.8,172.19.0.7
47.358371000,66,172.19.0.7,172.19.0.8
48.307864000,76,172.19.0.7,172.19.0.8
48.308758000,76,172.19.0.8,172.19.0.9
48.308885000,70,172.19.0.8,172.19.0.7
48.308967000,86,172.19.0.7,172.19.0.8
48.309186000,70,172.19.0.8,172.19.0.7
48.309261000,76,172.19.0.7,172.19.0.8
48.309597000,70,172.19.0.8,172.19.0.7
48.309690000,66,172.19.0.7,172.19.0.8
48.309793000,76,172.19.0.7,172.19.0.8
48.309840000,70,172.19.0.9,172.19.0.8
48.309884000,96,172.19.0.8,172.19.0.9
48.309957000,70,172.19.0.8,172.19.0.7
48.310059000,66,172.19.0.7,172.19.0.8
48.310142000,70,172.19.0.9,172.19.0.8
48.310379000,66,172.19.0.8,172.19.0.9
48.310570000,70,172.19.0.9,172.19.0.8
48.310593000,66,172.19.0.8,172.19.0.9
48.310684000,76,172.19.0.8,172.19.0.9
48.310792000,70,172.19.0.9,172.19.0.8
48.310816000,66,172.19.0.8,172.19.0.9
48.310856000,70,172.19.0.8,172.19.0.7
48.310985000,70,172.19.0.9,172.19.0.8
48.311023000,66,172.19.0.7,172.19.0.8
48.311025000,66,172.19.0.8,172.19.0.9
48.313798000,76,172.19.0.7,172.19.0.8
48.314712000,76,172.19.0.8,172.19.0.9
48.314844000,70,172.19.0.8,172.19.0.7
48.314952000,66,172.19.0.7,172.19.0.8
48.315075000,70,172.19.0.9,172.19.0.8
48.315105000,66,172.19.0.8,172.19.0.9
48.315591000,76,172.19.0.7,172.19.0.8
48.316071000,76,172.19.0.8,172.19.0.9
48.316298000,70,172.19.0.8,172.19.0.7
48.316409000,66,172.19.0.7,172.19.0.8
48.316789000,70,172.19.0.9,172.19.0.8
48.316820000,66,172.19.0.8,172.19.0.9
49.308744000,75,172.19.0.7,172.19.0.8
49.311165000,75,172.19.0.8,172.19.0.9
49.311397000,70,172.19.0.8,172.19.0.7
49.311461000,84,172.19.0.7,172.19.0.8
49.311691000,70,172.19.0.9,172.19.0.8
49.311767000,66,172.19.0.8,172.19.0.9
49.311808000,75,172.19.0.8,172.19.0.9
49.311899000,70,172.19.0.8,172.19.0.7
49.312020000,70,172.19.0.9,172.19.0.8
49.312049000,66,172.19.0.8,172.19.0.9
49.312052000,75,172.19.0.7,172.19.0.8
49.312201000,75,172.19.0.8,172.19.0.9
49.312361000,70,172.19.0.8,172.19.0.7
49.312620000,70,172.19.0.9,172.19.0.8
49.312649000,66,172.19.0.8,172.19.0.9
49.312678000,75,172.19.0.8,172.19.0.9
49.312855000,70,172.19.0.9,172.19.0.8
49.312883000,66,172.19.0.8,172.19.0.9
49.314564000,75,172.19.0.7,172.19.0.8
49.314598000,70,172.19.0.8,172.19.0.7
49.315326000,75,172.19.0.8,172.19.0.9
49.315768000,70,172.19.0.9,172.19.0.8
49.315807000,66,172.19.0.8,172.19.0.9
49.317024000,75,172.19.0.7,172.19.0.8
49.317057000,70,172.19.0.8,172.19.0.7
49.317697000,75,172.19.0.8,172.19.0.9
49.319027000,70,172.19.0.9,172.19.0.8
49.319056000,66,172.19.0.8,172.19.0.9
49.320145000,75,172.19.0.7,172.19.0.8
49.320179000,70,172.19.0.8,172.19.0.7
49.323893000,75,172.19.0.8,172.19.0.9
49.324447000,70,172.19.0.9,172.19.0.8
49.362098000,66,172.19.0.7,172.19.0.8
49.362145000,70,172.19.0.8,172.19.0.7
49.362220000,66,172.19.0.7,172.19.0.8
49.366091000,66,172.19.0.8,172.19.0.9
50.311042000,76,172.19.0.7,172.19.0.8
50.313402000,76,172.19.0.8,172.19.0.9
50.313572000,70,172.19.0.8,172.19.0.7
50.313689000,66,172.19.0.7,172.19.0.8
50.313979000,70,172.19.0.9,172.19.0.8
50.314320000,66,172.19.0.8,172.19.0.9
50.314632000,76,172.19.0.7,172.19.0.8
50.314816000,76,172.19.0.8,172.19.0.9
50.314915000,70,172.19.0.8,172.19.0.7
50.314993000,66,172.19.0.7,172.19.0.8
50.315548000,70,172.19.0.9,172.19.0.8
50.315577000,66,172.19.0.8,172.19.0.9
50.321608000,76,172.19.0.7,172.19.0.8
50.322553000,76,172.19.0.8,172.19.0.9
50.322759000,70,172.19.0.8,172.19.0.7
50.322818000,66,172.19.0.7,172.19.0.8
50.323157000,70,172.19.0.9,172.19.0.8
50.323200000,66,172.19.0.8,172.19.0.9
50.330253000,76,172.19.0.7,172.19.0.8
50.330720000,76,172.19.0.8,172.19.0.9
50.330876000,70,172.19.0.8,172.19.0.7
50.330965000,66,172.19.0.7,172.19.0.8
50.331385000,70,172.19.0.9,172.19.0.8
50.331414000,66,172.19.0.8,172.19.0.9
50.332064000,76,172.19.0.7,172.19.0.8
50.332355000,76,172.19.0.8,172.19.0.9
50.332442000,70,172.19.0.8,172.19.0.7
50.332528000,76,172.19.0.7,172.19.0.8
50.332693000,70,172.19.0.8,172.19.0.7
50.332753000,76,172.19.0.7,172.19.0.8
50.332886000,70,172.19.0.9,172.19.0.8
50.332897000,70,172.19.0.8,172.19.0.7
50.332921000,86,172.19.0.8,172.19.0.9
50.333025000,66,172.19.0.7,172.19.0.8
50.333165000,70,172.19.0.9,172.19.0.8
50.333189000,66,172.19.0.8,172.19.0.9
50.333412000,70,172.19.0.9,172.19.0.8
50.333435000,66,172.19.0.8,172.19.0.9
51.314659000,76,172.19.0.7,172.19.0.8
51.315041000,76,172.19.0.8,172.19.0.9
51.315408000,70,172.19.0.8,172.19.0.7
51.315496000,66,172.19.0.7,172.19.0.8
51.315791000,70,172.19.0.9,172.19.0.8
51.315829000,66,172.19.0.8,172.19.0.9
51.317427000,76,172.19.0.7,172.19.0.8
51.317956000,76,172.19.0.8,172.19.0.9
51.318061000,70,172.19.0.8,172.19.0.7
51.318128000,66,172.19.0.7,172.19.0.8
51.318189000,70,172.19.0.9,172.19.0.8
51.318244000,66,172.19.0.8,172.19.0.9
51.321049000,76,172.19.0.7,172.19.0.8
51.324201000,76,172.19.0.8,172.19.0.9
51.324337000,70,172.19.0.8,172.19.0.7
51.324403000,96,172.19.0.7,172.19.0.8
51.324568000,70,172.19.0.8,172.19.0.7
51.324649000,76,172.19.0.7,172.19.0.8
51.324659000,70,172.19.0.9,172.19.0.8
51.324699000,76,172.19.0.8,172.19.0.9
51.324907000,70,172.19.0.8,172.19.0.7
51.324913000,70,172.19.0.9,172.19.0.8
51.324953000,76,172.19.0.8,172.19.0.9
51.324964000,66,172.19.0.7,172.19.0.8
51.325185000,70,172.19.0.9,172.19.0.8
51.325213000,66,172.19.0.8,172.19.0.9
51.325304000,76,172.19.0.8,172.19.0.9
51.325364000,70,172.19.0.8,172.19.0.7
51.325439000,66,172.19.0.7,172.19.0.8
51.325655000,70,172.19.0.9,172.19.0.8
51.325685000,66,172.19.0.8,172.19.0.9
51.325811000,76,172.19.0.8,172.19.0.9
51.325865000,70,172.19.0.8,172.19.0.7
51.325915000,66,172.19.0.7,172.19.0.8
51.326007000,70,172.19.0.9,172.19.0.8
51.326036000,66,172.19.0.8,172.19.0.9
52.309355000,75,172.19.0.7,172.19.0.8
52.309746000,75,172.19.0.8,172.19.0.9
52.309872000,70,172.19.0.8,172.19.0.7
52.309983000,66,172.19.0.7,172.19.0.8
52.311553000,70,172.19.0.9,172.19.0.8
52.311580000,66,172.19.0.8,172.19.0.9
52.314485000,75,172.19.0.7,172.19.0.8
52.315039000,75,172.19.0.8,172.19.0.9
52.315202000,70,172.19.0.8,172.19.0.7
52.315258000,66,172.19.0.7,172.19.0.8
52.315544000,70,172.19.0.9,172.19.0.8
52.315571000,66,172.19.0.8,172.19.0.9
52.317763000,75,172.19.0.7,172.19.0.8
52.318183000,75,172.19.0.8,172.19.0.9
52.319086000,70,172.19.0.9,172.19.0.8
52.319112000,66,172.19.0.8,172.19.0.9
52.319979000,70,172.19.0.8,172.19.0.7
52.320194000,75,172.19.0.7,172.19.0.8
52.320623000,75,172.19.0.8,172.19.0.9
52.320809000,70,172.19.0.8,172.19.0.7
52.321385000,70,172.19.0.9,172.19.0.8
52.321422000,66,172.19.0.8,172.19.0.9
52.323659000,75,172.19.0.7,172.19.0.8
52.324515000,75,172.19.0.8,172.19.0.9
52.324722000,70,172.19.0.8,172.19.0.7
52.324837000,75,172.19.0.7,172.19.0.8
52.324993000,70,172.19.0.9,172.19.0.8
52.325073000,75,172.19.0.8,172.19.0.9
52.325145000,70,172.19.0.8,172.19.0.7
52.325206000,70,172.19.0.9,172.19.0.8
52.325233000,66,172.19.0.8,172.19.0.9
52.325883000,75,172.19.0.7,172.19.0.8
52.327601000,75,172.19.0.8,172.19.0.9
52.327800000,70,172.19.0.8,172.19.0.7
52.328198000,70,172.19.0.9,172.19.0.8
52.328243000,66,172.19.0.8,172.19.0.9
52.370796000,66,172.19.0.7,172.19.0.8
53.311130000,76,172.19.0.7,172.19.0.8
53.312167000,76,172.19.0.8,172.19.0.9
53.312314000,70,172.19.0.8,172.19.0.7
53.312368000,66,172.19.0.7,172.19.0.8
53.312515000,70,172.19.0.9,172.19.0.8
53.312542000,66,172.19.0.8,172.19.0.9
53.312644000,76,172.19.0.7,172.19.0.8
53.313375000,76,172.19.0.8,172.19.0.9
53.313585000,70,172.19.0.8,172.19.0.7
53.313852000,70,172.19.0.9,172.19.0.8
53.313887000,66,172.19.0.8,172.19.0.9
53.314226000,76,172.19.0.7,172.19.0.8
53.314524000,76,172.19.0.8,172.19.0.9
53.314856000,70,172.19.0.8,172.19.0.7
53.314912000,66,172.19.0.7,172.19.0.8
53.315355000,70,172.19.0.9,172.19.0.8
53.315393000,66,172.19.0.8,172.19.0.9
53.322575000,76,172.19.0.7,172.19.0.8
53.324140000,76,172.19.0.8,172.19.0.9
53.324412000,70,172.19.0.8,172.19.0.7
53.324548000,96,172.19.0.7,172.19.0.8
53.324848000,70,172.19.0.8,172.19.0.7
53.324922000,66,172.19.0.7,172.19.0.8
53.324950000,70,172.19.0.9,172.19.0.8
53.325009000,76,172.19.0.8,172.19.0.9
53.325086000,70,172.19.0.8,172.19.0.7
53.325135000,66,172.19.0.7,172.19.0.8
53.325210000,70,172.19.0.9,172.19.0.8
53.325249000,76,172.19.0.8,172.19.0.9
53.325323000,70,172.19.0.8,172.19.0.7
53.325373000,66,172.19.0.7,172.19.0.8
53.325478000,70,172.19.0.9,172.19.0.8
53.325540000,76,172.19.0.8,172.19.0.9
53.325830000,70,172.19.0.9,172.19.0.8
53.325858000,66,172.19.0.8,172.19.0.9
54.313116000,76,172.19.0.7,172.19.0.8
54.316193000,76,172.19.0.8,172.19.0.9
54.316559000,70,172.19.0.8,172.19.0.7
54.316684000,106,172.19.0.7,172.19.0.8
54.317143000,70,172.19.0.8,172.19.0.7
54.317205000,66,172.19.0.7,172.19.0.8
54.317430000,70,172.19.0.9,172.19.0.8
54.317466000,86,172.19.0.8,172.19.0.9
54.317505000,70,172.19.0.8,172.19.0.7
54.317558000,66,172.19.0.7,172.19.0.8
54.317662000,70,172.19.0.9,172.19.0.8
54.317687000,66,172.19.0.8,172.19.0.9
54.317751000,76,172.19.0.8,172.19.0.9
54.317897000,70,172.19.0.8,172.19.0.7
54.317948000,66,172.19.0.7,172.19.0.8
54.317986000,70,172.19.0.9,172.19.0.8
54.318012000,66,172.19.0.8,172.19.0.9
54.318132000,70,172.19.0.9,172.19.0.8
54.318155000,66,172.19.0.8,172.19.0.9
54.318261000,76,172.19.0.8,172.19.0.9
54.318464000,70,172.19.0.8,172.19.0.7
54.318520000,66,172.19.0.7,172.19.0.8
54.318933000,70,172.19.0.9,172.19.0.8
54.318959000,66,172.19.0.8,172.19.0.9
54.321819000,76,172.19.0.7,172.19.0.8
54.325016000,76,172.19.0.8,172.19.0.9
54.325171000,70,172.19.0.8,172.19.0.7
54.325285000,76,172.19.0.7,172.19.0.8
54.325314000,70,172.19.0.9,172.19.0.8
54.325446000,76,172.19.0.8,172.19.0.9
54.325535000,70,172.19.0.8,172.19.0.7
54.325780000,70,172.19.0.9,172.19.0.8
54.366762000,66,172.19.0.8,172.19.0.9
54.366922000,66,172.19.0.7,172.19.0.8
55.313709000,75,172.19.0.7,172.19.0.8
55.314008000,75,172.19.0.8,172.19.0.9
55.314130000,70,172.19.0.8,172.19.0.7
55.314292000,66,172.19.0.7,172.19.0.8
55.315393000,70,172.19.0.9,172.19.0.8
55.315430000,66,172.19.0.8,172.19.0.9
55.315645000,75,172.19.0.7,172.19.0.8
55.318406000,75,172.19.0.8,172.19.0.9
55.318704000,70,172.19.0.8,172.19.0.7
55.318864000,66,172.19.0.7,172.19.0.8
55.319289000,75,172.19.0.7,172.19.0.8
55.319894000,70,172.19.0.8,172.19.0.7
55.320068000,66,172.19.0.7,172.19.0.8
55.320905000,70,172.19.0.9,172.19.0.8
55.320967000,75,172.19.0.8,172.19.0.9
55.321214000,70,172.19.0.9,172.19.0.8
55.321243000,66,172.19.0.8,172.19.0.9
55.323691000,75,172.19.0.7,172.19.0.8
55.325577000,75,172.19.0.8,172.19.0.9
55.325727000,70,172.19.0.8,172.19.0.7
55.325844000,93,172.19.0.7,172.19.0.8
55.326016000,70,172.19.0.8,172.19.0.7
55.326070000,66,172.19.0.7,172.19.0.8
55.326197000,70,172.19.0.9,172.19.0.8
55.326232000,75,172.19.0.8,172.19.0.9
55.326285000,70,172.19.0.8,172.19.0.7
55.326335000,66,172.19.0.7,172.19.0.8
55.326386000,70,172.19.0.9,172.19.0.8
55.326419000,75,172.19.0.8,172.19.0.9
55.326792000,70,172.19.0.9,172.19.0.8
55.326810000,70,172.19.0.8,172.19.0.7
55.326825000,75,172.19.0.8,172.19.0.9
55.326873000,66,172.19.0.7,172.19.0.8
55.326976000,70,172.19.0.9,172.19.0.8
55.370213000,66,172.19.0.8,172.19.0.9
56.314115000,76,172.19.0.7,172.19.0.8
56.314542000,76,172.19.0.8,172.19.0.9
56.314749000,70,172.19.0.8,172.19.0.7
56.314861000,66,172.19.0.7,172.19.0.8
56.314962000,70,172.19.0.9,172.19.0.8
56.315011000,66,172.19.0.8,172.19.0.9
56.319959000,76,172.19.0.7,172.19.0.8
56.321548000,76,172.19.0.8,172.19.0.9
56.321728000,70,172.19.0.8,172.19.0.7
56.321876000,86,172.19.0.7,172.19.0.8
56.322067000,70,172.19.0.9,172.19.0.8
56.322076000,70,172.19.0.8,172.19.0.7
56.322110000,76,172.19.0.8,172.19.0.9
56.322129000,66,172.19.0.7,172.19.0.8
56.322345000,70,172.19.0.8,172.19.0.7
56.322397000,66,172.19.0.7,172.19.0.8
56.322430000,70,172.19.0.9,172.19.0.8
56.322491000,76,172.19.0.8,172.19.0.9
56.322995000,70,172.19.0.9,172.19.0.8
56.323027000,66,172.19.0.8,172.19.0.9
56.327821000,76,172.19.0.7,172.19.0.8
56.329545000,76,172.19.0.8,172.19.0.9
56.330269000,70,172.19.0.9,172.19.0.8
56.330295000,66,172.19.0.8,172.19.0.9
56.332482000,70,172.19.0.8,172.19.0.7
56.332586000,76,172.19.0.7,172.19.0.8
56.334353000,76,172.19.0.8,172.19.0.9
56.334591000,70,172.19.0.8,172.19.0.7
56.334876000,70,172.19.0.9,172.19.0.8
56.334884000,76,172.19.0.7,172.19.0.8
56.334904000,66,172.19.0.8,172.19.0.9
56.335134000,76,172.19.0.8,172.19.0.9
56.335334000,70,172.19.0.8,172.19.0.7
56.335760000,70,172.19.0.9,172.19.0.8
56.335808000,66,172.19.0.8,172.19.0.9
56.379049000,66,172.19.0.7,172.19.0.8
57.315399000,76,172.19.0.7,172.19.0.8
57.315888000,76,172.19.0.8,172.19.0.9
57.316214000,70,172.19.0.8,172.19.0.7
57.316188000,70,172.19.0.9,172.19.0.8
57.316214000,66,172.19.0.8,172.19.0.9
57.316414000,66,172.19.0.7,172.19.0.8
57.321537000,76,172.19.0.7,172.19.0.8
57.323638000,76,172.19.0.8,172.19.0.9
57.323836000,70,172.19.0.8,172.19.0.7
57.324073000,116,172.19.0.7,172.19.0.8
57.324637000,70,172.19.0.8,172.19.0.7
57.324647000,70,172.19.0.9,172.19.0.8
57.324694000,76,172.19.0.8,172.19.0.9
57.324799000,66,172.19.0.7,172.19.0.8
57.324988000,70,172.19.0.9,172.19.0.8
57.325010000,66,172.19.0.8,172.19.0.9
57.325207000,76,172.19.0.8,172.19.0.9
57.325422000,70,172.19.0.8,172.19.0.7
57.325541000,66,172.19.0.7,172.19.0.8
57.326014000,70,172.19.0.8,172.19.0.7
57.326131000,66,172.19.0.7,172.19.0.8
57.327004000,70,172.19.0.8,172.19.0.7
57.327145000,66,172.19.0.7,172.19.0.8
57.327190000,70,172.19.0.9,172.19.0.8
57.327241000,86,172.19.0.8,172.19.0.9
57.327434000,70,172.19.0.9,172.19.0.8
57.327459000,66,172.19.0.8,172.19.0.9
57.327611000,70,172.19.0.9,172.19.0.8
57.327622000,76,172.19.0.8,172.19.0.9
57.327671000,66,172.19.0.8,172.19.0.9
57.327755000,70,172.19.0.9,172.19.0.8
57.327779000,66,172.19.0.8,172.19.0.9
57.327790000,70,172.19.0.8,172.19.0.7
57.327920000,66,172.19.0.7,172.19.0.8
58.318305000,76,172.19.0.7,172.19.0.8
58.319196000,76,172.19.0.8,172.19.0.9
58.319288000,70,172.19.0.8,172.19.0.7
58.319401000,76,172.19.0.7,172.19.0.8
58.319710000,70,172.19.0.8,172.19.0.7
58.319763000,66,172.19.0.7,172.19.0.8
58.321787000,76,172.19.0.7,172.19.0.8
58.321919000,70,172.19.0.9,172.19.0.8
58.321953000,76,172.19.0.8,172.19.0.9
58.322457000,70,172.19.0.8,172.19.0.7
58.322515000,66,172.19.0.7,172.19.0.8
58.322530000,70,172.19.0.9,172.19.0.8
58.322564000,76,172.19.0.8,172.19.0.9
58.322717000,70,172.19.0.9,172.19.0.8
58.322986000,76,172.19.0.7,172.19.0.8
58.323950000,76,172.19.0.8,172.19.0.9
58.324826000,70,172.19.0.9,172.19.0.8
58.326565000,70,172.19.0.8,172.19.0.7
58.326624000,66,172.19.0.7,172.19.0.8
58.326655000,76,172.19.0.7,172.19.0.8
58.326839000,76,172.19.0.8,172.19.0.9
58.326945000,70,172.19.0.8,172.19.0.7
58.327014000,76,172.19.0.7,172.19.0.8
58.327384000,70,172.19.0.8,172.19.0.7
58.327465000,70,172.19.0.9,172.19.0.8
58.327500000,76,172.19.0.8,172.19.0.9
58.327693000,70,172.19.0.9,172.19.0.8
58.328945000,76,172.19.0.7,172.19.0.8
58.329788000,76,172.19.0.8,172.19.0.9
58.330708000,70,172.19.0.8,172.19.0.7
58.330906000,70,172.19.0.9,172.19.0.8
58.374634000,66,172.19.0.7,172.19.0.8
58.374869000,66,172.19.0.8,172.19.0.9
59.319440000,76,172.19.0.7,172.19.0.8
59.320205000,76,172.19.0.8,172.19.0.9
59.320449000,70,172.19.0.8,172.19.0.7
59.320557000,66,172.19.0.7,172.19.0.8
59.321960000,70,172.19.0.9,172.19.0.8
59.322008000,66,172.19.0.8,172.19.0.9
59.324299000,76,172.19.0.7,172.19.0.8
59.325246000,76,172.19.0.8,172.19.0.9
59.325413000,70,172.19.0.8,172.19.0.7
59.325664000,66,172.19.0.7,172.19.0.8
59.325777000,70,172.19.0.9,172.19.0.8
59.325825000,66,172.19.0.8,172.19.0.9
59.329196000,76,172.19.0.7,172.19.0.8
59.329469000,76,172.19.0.8,172.19.0.9
59.329653000,70,172.19.0.8,172.19.0.7
59.329983000,66,172.19.0.7,172.19.0.8
59.330471000,76,172.19.0.7,172.19.0.8
59.330626000,70,172.19.0.9,172.19.0.8
59.330656000,66,172.19.0.8,172.19.0.9
59.332014000,76,172.19.0.8,172.19.0.9
59.332231000,70,172.19.0.8,172.19.0.7
59.332336000,86,172.19.0.7,172.19.0.8
59.332337000,70,172.19.0.9,172.19.0.8
59.332364000,66,172.19.0.8,172.19.0.9
59.332647000,76,172.19.0.8,172.19.0.9
59.332790000,70,172.19.0.8,172.19.0.7
59.332845000,66,172.19.0.7,172.19.0.8
59.333083000,70,172.19.0.9,172.19.0.8
59.333129000,66,172.19.0.8,172.19.0.9
59.333158000,76,172.19.0.8,172.19.0.9
59.333234000,70,172.19.0.8,172.19.0.7
59.333281000,66,172.19.0.7,172.19.0.8
59.333285000,70,172.19.0.9,172.19.0.8
59.333328000,66,172.19.0.8,172.19.0.9
59.334073000,76,172.19.0.7,172.19.0.8
59.335456000,76,172.19.0.8,172.19.0.9
59.335563000,70,172.19.0.8,172.19.0.7
59.335725000,66,172.19.0.7,172.19.0.8
59.336115000,70,172.19.0.9,172.19.0.8
59.336144000,66,172.19.0.8,172.19.0.9
60.317793000,76,172.19.0.7,172.19.0.8
60.318501000,76,172.19.0.8,172.19.0.9
60.318628000,70,172.19.0.8,172.19.0.7
60.318768000,66,172.19.0.7,172.19.0.8
60.319266000,70,172.19.0.9,172.19.0.8
60.319294000,66,172.19.0.8,172.19.0.9
60.324566000,76,172.19.0.7,172.19.0.8
60.324921000,76,172.19.0.8,172.19.0.9
60.325045000,70,172.19.0.8,172.19.0.7
60.325105000,66,172.19.0.7,172.19.0.8
60.325166000,76,172.19.0.7,172.19.0.8
60.325397000,70,172.19.0.9,172.19.0.8
60.325425000,66,172.19.0.8,172.19.0.9
60.325508000,76,172.19.0.8,172.19.0.9
60.325571000,70,172.19.0.8,172.19.0.7
60.325621000,70,172.19.0.9,172.19.0.8
60.325634000,76,172.19.0.7,172.19.0.8
60.325646000,66,172.19.0.8,172.19.0.9
60.325759000,76,172.19.0.8,172.19.0.9
60.325816000,70,172.19.0.8,172.19.0.7
60.325878000,70,172.19.0.9,172.19.0.8
60.325903000,66,172.19.0.8,172.19.0.9
60.325921000,66,172.19.0.7,172.19.0.8
60.327658000,76,172.19.0.7,172.19.0.8
60.328026000,76,172.19.0.8,172.19.0.9
60.328117000,70,172.19.0.8,172.19.0.7
60.328209000,76,172.19.0.7,172.19.0.8
60.328445000,70,172.19.0.8,172.19.0.7
60.328508000,76,172.19.0.7,172.19.0.8
60.328774000,70,172.19.0.8,172.19.0.7
60.328828000,66,172.19.0.7,172.19.0.8
60.328874000,70,172.19.0.9,172.19.0.8
60.328909000,86,172.19.0.8,172.19.0.9
60.329109000,70,172.19.0.9,172.19.0.8
60.329154000,66,172.19.0.8,172.19.0.9
60.329347000,70,172.19.0.9,172.19.0.8
60.329370000,66,172.19.0.8,172.19.0.9
61.321965000,76,172.19.0.7,172.19.0.8
61.322488000,76,172.19.0.8,172.19.0.9
61.322645000,70,172.19.0.8,172.19.0.7
61.322884000,66,172.19.0.7,172.19.0.8
61.325748000,70,172.19.0.9,172.19.0.8
61.325775000,66,172.19.0.8,172.19.0.9
61.326603000,76,172.19.0.7,172.19.0.8
61.327340000,76,172.19.0.8,172.19.0.9
61.327382000,70,172.19.0.8,172.19.0.7
61.327732000,66,172.19.0.7,172.19.0.8
61.327884000,70,172.19.0.9,172.19.0.8
61.327909000,66,172.19.0.8,172.19.0.9
61.328293000,76,172.19.0.7,172.19.0.8
61.329390000,76,172.19.0.8,172.19.0.9
61.331024000,70,172.19.0.9,172.19.0.8
61.331051000,66,172.19.0.8,172.19.0.9
61.331556000,70,172.19.0.8,172.19.0.7
61.332038000,106,172.19.0.7,172.19.0.8
61.333957000,76,172.19.0.8,172.19.0.9
61.334206000,70,172.19.0.8,172.19.0.7
61.334308000,70,172.19.0.9,172.19.0.8
61.334335000,66,172.19.0.8,172.19.0.9
61.334941000,76,172.19.0.8,172.19.0.9
61.335685000,70,172.19.0.9,172.19.0.8
61.335737000,86,172.19.0.8,172.19.0.9
61.335866000,70,172.19.0.9,172.19.0.8
61.379143000,66,172.19.0.7,172.19.0.8
61.379176000,78,172.19.0.8,172.19.0.7
61.379189000,66,172.19.0.8,172.19.0.9
61.379280000,66,172.19.0.7,172.19.0.8
61.379369000,70,172.19.0.9,172.19.0.8
61.379403000,66,172.19.0.8,172.19.0.9
62.319083000,75,172.19.0.7,172.19.0.8
62.319679000,75,172.19.0.8,172.19.0.9
62.319791000,70,172.19.0.8,172.19.0.7
62.319896000,66,172.19.0.7,172.19.0.8
62.320660000,70,172.19.0.9,172.19.0.8
62.320688000,66,172.19.0.8,172.19.0.9
62.322711000,75,172.19.0.7,172.19.0.8
62.323218000,75,172.19.0.8,172.19.0.9
62.323381000,70,172.19.0.8,172.19.0.7
62.323438000,66,172.19.0.7,172.19.0.8
62.323477000,75,172.19.0.7,172.19.0.8
62.323750000,70,172.19.0.8,172.19.0.7
62.323806000,66,172.19.0.7,172.19.0.8
62.323904000,70,172.19.0.9,172.19.0.8
62.323940000,75,172.19.0.8,172.19.0.9
62.324110000,75,172.19.0.7,172.19.0.8
62.324853000,70,172.19.0.9,172.19.0.8
62.324887000,75,172.19.0.8,172.19.0.9
62.324938000,70,172.19.0.8,172.19.0.7
62.325005000,75,172.19.0.7,172.19.0.8
62.325682000,70,172.19.0.8,172.19.0.7
62.325786000,66,172.19.0.7,172.19.0.8
62.325837000,70,172.19.0.9,172.19.0.8
62.325871000,75,172.19.0.8,172.19.0.9
62.326092000,70,172.19.0.9,172.19.0.8
62.326142000,66,172.19.0.8,172.19.0.9
62.328189000,75,172.19.0.7,172.19.0.8
62.328961000,75,172.19.0.8,172.19.0.9
62.329102000,70,172.19.0.8,172.19.0.7
62.329238000,75,172.19.0.7,172.19.0.8
62.329727000,70,172.19.0.9,172.19.0.8
62.329763000,66,172.19.0.8,172.19.0.9
62.329922000,75,172.19.0.8,172.19.0.9
62.330171000,70,172.19.0.8,172.19.0.7
62.330470000,66,172.19.0.7,172.19.0.8
62.330862000,70,172.19.0.9,172.19.0.8
62.330915000,66,172.19.0.8,172.19.0.9
63.319833000,76,172.19.0.7,172.19.0.8
63.321146000,76,172.19.0.8,172.19.0.9
63.321330000,70,172.19.0.8,172.19.0.7
63.321442000,66,172.19.0.7,172.19.0.8
63.323115000,70,172.19.0.9,172.19.0.8
63.323141000,66,172.19.0.8,172.19.0.9
63.323213000,76,172.19.0.7,172.19.0.8
63.324185000,76,172.19.0.8,172.19.0.9
63.324368000,70,172.19.0.8,172.19.0.7
63.324520000,86,172.19.0.7,172.19.0.8
63.324807000,70,172.19.0.8,172.19.0.7
63.324958000,66,172.19.0.7,172.19.0.8
63.325324000,70,172.19.0.8,172.19.0.7
63.325359000,70,172.19.0.9,172.19.0.8
63.325411000,86,172.19.0.8,172.19.0.9
63.325444000,66,172.19.0.7,172.19.0.8
63.325586000,70,172.19.0.9,172.19.0.8
63.325610000,66,172.19.0.8,172.19.0.9
63.325788000,70,172.19.0.9,172.19.0.8
63.325811000,66,172.19.0.8,172.19.0.9
63.327764000,76,172.19.0.7,172.19.0.8
63.328668000,76,172.19.0.8,172.19.0.9
63.328791000,70,172.19.0.8,172.19.0.7
63.329047000,66,172.19.0.7,172.19.0.8
63.329479000,70,172.19.0.9,172.19.0.8
63.329507000,66,172.19.0.8,172.19.0.9
63.329685000,76,172.19.0.7,172.19.0.8
63.331214000,76,172.19.0.8,172.19.0.9
63.331369000,70,172.19.0.8,172.19.0.7
63.331550000,76,172.19.0.7,172.19.0.8
63.331720000,70,172.19.0.9,172.19.0.8
63.331756000,76,172.19.0.8,172.19.0.9
63.331769000,70,172.19.0.8,172.19.0.7
63.331836000,66,172.19.0.7,172.19.0.8
63.331987000,70,172.19.0.9,172.19.0.8
63.332066000,66,172.19.0.8,172.19.0.9
64.323447000,76,172.19.0.7,172.19.0.8
64.325517000,76,172.19.0.8,172.19.0.9
64.325692000,70,172.19.0.8,172.19.0.7
64.325820000,76,172.19.0.7,172.19.0.8
64.326043000,70,172.19.0.8,172.19.0.7
64.326094000,66,172.19.0.7,172.19.0.8
64.326765000,70,172.19.0.9,172.19.0.8
64.326818000,76,172.19.0.8,172.19.0.9
64.327794000,70,172.19.0.9,172.19.0.8
64.334014000,76,172.19.0.7,172.19.0.8
64.334275000,76,172.19.0.8,172.19.0.9
64.334697000,70,172.19.0.8,172.19.0.7
64.334765000,76,172.19.0.7,172.19.0.8
64.335024000,70,172.19.0.9,172.19.0.8
64.335140000,76,172.19.0.8,172.19.0.9
64.335558000,70,172.19.0.8,172.19.0.7
64.335755000,66,172.19.0.7,172.19.0.8
64.335786000,70,172.19.0.9,172.19.0.8
64.337244000,76,172.19.0.7,172.19.0.8
64.337907000,76,172.19.0.8,172.19.0.9
64.338845000,70,172.19.0.8,172.19.0.7
64.338993000,66,172.19.0.7,172.19.0.8
64.340055000,70,172.19.0.9,172.19.0.8
64.342366000,76,172.19.0.7,172.19.0.8
64.343292000,76,172.19.0.8,172.19.0.9
64.343457000,70,172.19.0.8,172.19.0.7
64.343958000,76,172.19.0.7,172.19.0.8
64.344382000,70,172.19.0.9,172.19.0.8
64.344972000,76,172.19.0.8,172.19.0.9
64.345094000,70,172.19.0.8,172.19.0.7
64.345397000,70,172.19.0.9,172.19.0.8
64.387074000,66,172.19.0.8,172.19.0.9
64.387107000,66,172.19.0.7,172.19.0.8
65.327396000,76,172.19.0.7,172.19.0.8
65.328496000,76,172.19.0.8,172.19.0.9
65.328724000,70,172.19.0.8,172.19.0.7
65.328909000,66,172.19.0.7,172.19.0.8
65.330072000,70,172.19.0.9,172.19.0.8
65.330103000,66,172.19.0.8,172.19.0.9
65.333777000,76,172.19.0.7,172.19.0.8
65.334033000,76,172.19.0.8,172.19.0.9
65.334149000,70,172.19.0.8,172.19.0.7
65.334210000,66,172.19.0.7,172.19.0.8
65.334414000,70,172.19.0.9,172.19.0.8
65.334477000,66,172.19.0.8,172.19.0.9
65.337705000,76,172.19.0.7,172.19.0.8
65.338230000,76,172.19.0.8,172.19.0.9
65.338498000,70,172.19.0.8,172.19.0.7
65.338879000,106,172.19.0.7,172.19.0.8
65.339475000,70,172.19.0.9,172.19.0.8
65.339503000,66,172.19.0.8,172.19.0.9
65.339702000,76,172.19.0.8,172.19.0.9
65.339865000,70,172.19.0.8,172.19.0.7
65.339935000,66,172.19.0.7,172.19.0.8
65.340276000,70,172.19.0.8,172.19.0.7
65.340291000,70,172.19.0.9,172.19.0.8
65.340335000,76,172.19.0.8,172.19.0.9
65.340337000,66,172.19.0.7,172.19.0.8
65.340652000,70,172.19.0.8,172.19.0.7
65.340770000,66,172.19.0.7,172.19.0.8
65.340770000,70,172.19.0.9,172.19.0.8
65.340826000,76,172.19.0.8,172.19.0.9
65.341019000,70,172.19.0.9,172.19.0.8
65.341064000,66,172.19.0.8,172.19.0.9
65.341354000,76,172.19.0.8,172.19.0.9
65.341532000,70,172.19.0.8,172.19.0.7
65.341726000,66,172.19.0.7,172.19.0.8
65.342054000,70,172.19.0.9,172.19.0.8
65.342083000,66,172.19.0.8,172.19.0.9
66.324387000,76,172.19.0.7,172.19.0.8
66.324910000,76,172.19.0.8,172.19.0.9
66.325649000,70,172.19.0.8,172.19.0.7
66.325784000,76,172.19.0.7,172.19.0.8
66.325805000,70,172.19.0.9,172.19.0.8
66.325831000,66,172.19.0.8,172.19.0.9
66.326911000,76,172.19.0.8,172.19.0.9
66.327030000,70,172.19.0.8,172.19.0.7
66.327154000,86,172.19.0.7,172.19.0.8
66.327590000,70,172.19.0.9,172.19.0.8
66.327615000,66,172.19.0.8,172.19.0.9
66.333170000,76,172.19.0.8,172.19.0.9
66.333299000,70,172.19.0.8,172.19.0.7
66.333374000,76,172.19.0.7,172.19.0.8
66.333576000,70,172.19.0.9,172.19.0.8
66.333602000,66,172.19.0.8,172.19.0.9
66.333755000,76,172.19.0.8,172.19.0.9
66.333907000,70,172.19.0.8,172.19.0.7
66.334020000,76,172.19.0.7,172.19.0.8
66.334361000,70,172.19.0.9,172.19.0.8
66.334387000,66,172.19.0.8,172.19.0.9
66.334569000,76,172.19.0.8,172.19.0.9
66.334682000,70,172.19.0.8,172.19.0.7
66.334794000,70,172.19.0.9,172.19.0.8
66.334818000,66,172.19.0.8,172.19.0.9
66.334824000,76,172.19.0.7,172.19.0.8
66.335479000,76,172.19.0.8,172.19.0.9
66.335741000,70,172.19.0.8,172.19.0.7
66.336918000,70,172.19.0.9,172.19.0.8
66.336959000,76,172.19.0.8,172.19.0.9
66.337216000,70,172.19.0.9,172.19.0.8
66.337245000,66,172.19.0.8,172.19.0.9
66.382834000,66,172.19.0.7,172.19.0.8
66.382970000,70,172.19.0.8,172.19.0.7
66.383096000,66,172.19.0.7,172.19.0.8
67.323391000,76,172.19.0.7,172.19.0.8
67.324186000,76,172.19.0.8,172.19.0.9
67.324379000,70,172.19.0.8,172.19.0.7
67.324508000,66,172.19.0.7,172.19.0.8
67.324690000,70,172.19.0.9,172.19.0.8
67.324715000,66,172.19.0.8,172.19.0.9
67.325185000,76,172.19.0.7,172.19.0.8
67.325601000,76,172.19.0.8,172.19.0.9
67.325761000,70,172.19.0.8,172.19.0.7
67.326068000,66,172.19.0.7,172.19.0.8
67.326359000,70,172.19.0.9,172.19.0.8
67.326483000,66,172.19.0.8,172.19.0.9
67.328238000,76,172.19.0.7,172.19.0.8
67.328969000,76,172.19.0.8,172.19.0.9
67.329512000,70,172.19.0.9,172.19.0.8
67.331120000,70,172.19.0.8,172.19.0.7
67.331369000,66,172.19.0.7,172.19.0.8
67.334979000,76,172.19.0.7,172.19.0.8
67.338445000,76,172.19.0.8,172.19.0.9
67.338704000,70,172.19.0.8,172.19.0.7
67.338813000,76,172.19.0.7,172.19.0.8
67.339112000,70,172.19.0.9,172.19.0.8
67.339686000,76,172.19.0.8,172.19.0.9
67.339879000,70,172.19.0.8,172.19.0.7
67.339949000,66,172.19.0.7,172.19.0.8
67.340051000,70,172.19.0.9,172.19.0.8
67.343236000,76,172.19.0.7,172.19.0.8
67.343862000,76,172.19.0.8,172.19.0.9
67.344226000,70,172.19.0.8,172.19.0.7
67.344301000,66,172.19.0.7,172.19.0.8
67.344609000,70,172.19.0.9,172.19.0.8
67.345395000,76,172.19.0.7,172.19.0.8
67.346283000,76,172.19.0.8,172.19.0.9
67.346491000,70,172.19.0.8,172.19.0.7
67.346559000,66,172.19.0.7,172.19.0.8
67.347153000,70,172.19.0.9,172.19.0.8
67.391157000,66,172.19.0.8,172.19.0.9
68.326592000,76,172.19.0.7,172.19.0.8
68.327054000,76,172.19.0.8,172.19.0.9
68.327165000,70,172.19.0.8,172.19.0.7
68.327358000,66,172.19.0.7,172.19.0.8
68.327366000,70,172.19.0.9,172.19.0.8
68.327392000,66,172.19.0.8,172.19.0.9
68.328254000,76,172.19.0.7,172.19.0.8
68.332103000,76,172.19.0.8,172.19.0.9
68.332192000,70,172.19.0.8,172.19.0.7
68.332360000,66,172.19.0.7,172.19.0.8
68.333012000,76,172.19.0.7,172.19.0.8
68.333570000,70,172.19.0.9,172.19.0.8
68.333619000,66,172.19.0.8,172.19.0.9
68.336003000,76,172.19.0.8,172.19.0.9
68.336348000,70,172.19.0.8,172.19.0.7
68.336435000,76,172.19.0.7,172.19.0.8
68.336541000,70,172.19.0.9,172.19.0.8
68.336571000,66,172.19.0.8,172.19.0.9
68.336827000,76,172.19.0.8,172.19.0.9
68.337047000,70,172.19.0.8,172.19.0.7
68.337628000,70,172.19.0.9,172.19.0.8
68.337660000,66,172.19.0.8,172.19.0.9
68.339179000,76,172.19.0.7,172.19.0.8
68.339655000,76,172.19.0.8,172.19.0.9
68.339779000,70,172.19.0.8,172.19.0.7
68.339847000,86,172.19.0.7,172.19.0.8
68.340000000,70,172.19.0.8,172.19.0.7
68.340636000,70,172.19.0.9,172.19.0.8
68.340678000,86,172.19.0.8,172.19.0.9
68.340952000,70,172.19.0.9,172.19.0.8
68.340978000,66,172.19.0.8,172.19.0.9
68.341172000,70,172.19.0.9,172.19.0.8
68.341199000,66,172.19.0.8,172.19.0.9
68.382217000,66,172.19.0.7,172.19.0.8
68.382249000,70,172.19.0.8,172.19.0.7
68.382325000,66,172.19.0.7,172.19.0.8
69.337727000,76,172.19.0.7,172.19.0.8
69.338034000,76,172.19.0.8,172.19.0.9
69.338275000,70,172.19.0.9,172.19.0.8
69.338303000,66,172.19.0.8,172.19.0.9
69.338748000,70,172.19.0.8,172.19.0.7
69.338893000,66,172.19.0.7,172.19.0.8
69.341833000,76,172.19.0.7,172.19.0.8
69.342238000,76,172.19.0.8,172.19.0.9
69.342507000,70,172.19.0.8,172.19.0.7
69.342591000,66,172.19.0.7,172.19.0.8
69.343187000,70,172.19.0.9,172.19.0.8
69.343214000,66,172.19.0.8,172.19.0.9
69.343388000,76,172.19.0.7,172.19.0.8
69.343906000,76,172.19.0.8,172.19.0.9
69.344046000,70,172.19.0.8,172.19.0.7
69.344114000,86,172.19.0.7,172.19.0.8
69.344205000,70,172.19.0.9,172.19.0.8
69.344232000,66,172.19.0.8,172.19.0.9
69.344277000,76,172.19.0.8,172.19.0.9
69.344385000,70,172.19.0.9,172.19.0.8
69.344415000,66,172.19.0.8,172.19.0.9
69.344521000,70,172.19.0.8,172.19.0.7
69.344575000,66,172.19.0.7,172.19.0.8
69.344601000,76,172.19.0.7,172.19.0.8
69.344700000,76,172.19.0.8,172.19.0.9
69.345036000,70,172.19.0.9,172.19.0.8
69.345062000,66,172.19.0.8,172.19.0.9
69.345199000,70,172.19.0.8,172.19.0.7
69.345258000,66,172.19.0.7,172.19.0.8
69.345719000,76,172.19.0.8,172.19.0.9
69.345933000,70,172.19.0.8,172.19.0.7
69.345998000,66,172.19.0.7,172.19.0.8
69.346248000,76,172.19.0.7,172.19.0.8
69.346878000,70,172.19.0.9,172.19.0.8
69.346904000,66,172.19.0.8,172.19.0.9
69.347259000,76,172.19.0.8,172.19.0.9
69.347453000,70,172.19.0.8,172.19.0.7
69.347521000,66,172.19.0.7,172.19.0.8
69.347789000,70,172.19.0.9,172.19.0.8
69.347818000,66,172.19.0.8,172.19.0.9
70.328109000,76,172.19.0.7,172.19.0.8
70.328826000,76,172.19.0.8,172.19.0.9
70.329116000,70,172.19.0.8,172.19.0.7
70.329212000,70,172.19.0.9,172.19.0.8
70.329228000,66,172.19.0.7,172.19.0.8
70.329238000,66,172.19.0.8,172.19.0.9
70.332988000,76,172.19.0.7,172.19.0.8
70.333562000,76,172.19.0.8,172.19.0.9
70.334060000,70,172.19.0.8,172.19.0.7
70.334152000,66,172.19.0.7,172.19.0.8
70.336322000,76,172.19.0.7,172.19.0.8
70.336836000,70,172.19.0.9,172.19.0.8
70.336861000,66,172.19.0.8,172.19.0.9
70.337978000,76,172.19.0.8,172.19.0.9
70.338195000,70,172.19.0.9,172.19.0.8
70.338391000,70,172.19.0.8,172.19.0.7
70.340100000,76,172.19.0.7,172.19.0.8
70.341000000,76,172.19.0.8,172.19.0.9
70.341176000,70,172.19.0.9,172.19.0.8
70.341781000,70,172.19.0.8,172.19.0.7
70.342245000,96,172.19.0.7,172.19.0.8
70.342649000,76,172.19.0.8,172.19.0.9
70.342827000,70,172.19.0.8,172.19.0.7
70.345039000,70,172.19.0.9,172.19.0.8
70.345085000,86,172.19.0.8,172.19.0.9
70.345532000,70,172.19.0.9,172.19.0.8
70.386741000,66,172.19.0.8,172.19.0.9
70.386859000,66,172.19.0.7,172.19.0.8
70.386886000,74,172.19.0.8,172.19.0.7
70.386900000,70,172.19.0.9,172.19.0.8
70.386933000,66,172.19.0.8,172.19.0.9
70.387046000,66,172.19.0.7,172.19.0.8
71.330763000,75,172.19.0.7,172.19.0.8
71.331862000,75,172.19.0.8,172.19.0.9
71.331984000,70,172.19.0.8,172.19.0.7
71.332196000,75,172.19.0.7,172.19.0.8
71.332538000,70,172.19.0.8,172.19.0.7
71.332649000,66,172.19.0.7,172.19.0.8
71.332720000,70,172.19.0.9,172.19.0.8
71.332756000,75,172.19.0.8,172.19.0.9
71.334147000,75,172.19.0.7,172.19.0.8
71.335018000,70,172.19.0.8,172.19.0.7
71.335119000,66,172.19.0.7,172.19.0.8
71.335139000,70,172.19.0.9,172.19.0.8
71.335174000,75,172.19.0.8,172.19.0.9
71.335901000,70,172.19.0.9,172.19.0.8
71.335972000,66,172.19.0.8,172.19.0.9
71.337846000,75,172.19.0.7,172.19.0.8
71.338736000,75,172.19.0.8,172.19.0.9
71.338912000,70,172.19.0.8,172.19.0.7
71.338970000,75,172.19.0.7,172.19.0.8
71.339028000,70,172.19.0.9,172.19.0.8
71.339053000,66,172.19.0.8,172.19.0.9
71.339124000,75,172.19.0.8,172.19.0.9
71.339180000,70,172.19.0.8,172.19.0.7
71.339279000,66,172.19.0.7,172.19.0.8
71.339624000,70,172.19.0.9,172.19.0.8
71.339672000,66,172.19.0.8,172.19.0.9
71.342092000,75,172.19.0.7,172.19.0.8
71.342762000,75,172.19.0.8,172.19.0.9
71.343210000,70,172.19.0.9,172.19.0.8
71.343237000,66,172.19.0.8,172.19.0.9
71.344515000,70,172.19.0.8,172.19.0.7
71.344675000,75,172.19.0.7,172.19.0.8
71.345169000,75,172.19.0.8,172.19.0.9
71.345313000,70,172.19.0.8,172.19.0.7
71.345856000,70,172.19.0.9,172.19.0.8
71.345883000,66,172.19.0.8,172.19.0.9
71.386895000,66,172.19.0.7,172.19.0.8
72.331734000,76,172.19.0.7,172.19.0.8
72.332490000,76,172.19.0.8,172.19.0.9
72.332686000,70,172.19.0.8,172.19.0.7
72.332924000,66,172.19.0.7,172.19.0.8
72.333793000,76,172.19.0.7,172.19.0.8
72.334546000,70,172.19.0.9,172.19.0.8
72.334645000,76,172.19.0.8,172.19.0.9
72.334691000,70,172.19.0.8,172.19.0.7
72.335482000,76,172.19.0.7,172.19.0.8
72.336006000,70,172.19.0.8,172.19.0.7
72.336061000,66,172.19.0.7,172.19.0.8
72.336312000,76,172.19.0.7,172.19.0.8
72.337301000,70,172.19.0.8,172.19.0.7
72.337355000,66,172.19.0.7,172.19.0.8
72.337608000,76,172.19.0.7,172.19.0.8
72.337960000,70,172.19.0.9,172.19.0.8
72.338293000,86,172.19.0.8,172.19.0.9
72.338796000,70,172.19.0.9,172.19.0.8
72.342413000,76,172.19.0.8,172.19.0.9
72.342549000,70,172.19.0.9,172.19.0.8
72.343091000,70,172.19.0.8,172.19.0.7
72.343217000,86,172.19.0.7,172.19.0.8
72.343412000,76,172.19.0.8,172.19.0.9
72.343483000,70,172.19.0.9,172.19.0.8
72.343618000,70,172.19.0.8,172.19.0.7
72.343747000,66,172.19.0.7,172.19.0.8
72.344124000,76,172.19.0.8,172.19.0.9
72.344170000,70,172.19.0.9,172.19.0.8
72.344238000,70,172.19.0.8,172.19.0.7
72.344291000,66,172.19.0.7,172.19.0.8
72.386173000,66,172.19.0.8,172.19.0.9
72.386324000,70,172.19.0.9,172.19.0.8
72.386344000,66,172.19.0.8,172.19.0.9
73.335652000,75,172.19.0.7,172.19.0.8
73.336545000,75,172.19.0.8,172.19.0.9
73.336826000,70,172.19.0.8,172.19.0.7
73.336932000,66,172.19.0.7,172.19.0.8
73.336966000,70,172.19.0.9,172.19.0.8
73.336995000,66,172.19.0.8,172.19.0.9
73.337904000,75,172.19.0.7,172.19.0.8
73.338364000,75,172.19.0.8,172.19.0.9
73.338485000,70,172.19.0.8,172.19.0.7
73.338589000,66,172.19.0.7,172.19.0.8
73.338604000,70,172.19.0.9,172.19.0.8
73.338635000,66,172.19.0.8,172.19.0.9
73.339642000,75,172.19.0.7,172.19.0.8
73.340732000,75,172.19.0.8,172.19.0.9
73.340871000,70,172.19.0.8,172.19.0.7
73.341261000,70,172.19.0.9,172.19.0.8
73.341287000,66,172.19.0.8,172.19.0.9
73.343788000,75,172.19.0.7,172.19.0.8
73.345736000,75,172.19.0.8,172.19.0.9
73.345867000,70,172.19.0.8,172.19.0.7
73.346173000,93,172.19.0.7,172.19.0.8
73.346403000,70,172.19.0.8,172.19.0.7
73.346565000,70,172.19.0.9,172.19.0.8
73.346600000,84,172.19.0.8,172.19.0.9
73.346789000,70,172.19.0.9,172.19.0.8
73.346842000,75,172.19.0.8,172.19.0.9
73.347079000,70,172.19.0.9,172.19.0.8
73.347104000,66,172.19.0.8,172.19.0.9
73.347422000,70,172.19.0.9,172.19.0.8
73.347444000,66,172.19.0.8,172.19.0.9
73.390568000,66,172.19.0.7,172.19.0.8
73.390615000,74,172.19.0.8,172.19.0.7
73.390710000,66,172.19.0.7,172.19.0.8
74.332481000,76,172.19.0.7,172.19.0.8
74.333164000,76,172.19.0.8,172.19.0.9
74.333276000,70,172.19.0.8,172.19.0.7
74.333383000,66,172.19.0.7,172.19.0.8
74.333479000,70,172.19.0.9,172.19.0.8
74.333507000,66,172.19.0.8,172.19.0.9
74.336282000,76,172.19.0.7,172.19.0.8
74.337177000,76,172.19.0.8,172.19.0.9
74.337362000,70,172.19.0.8,172.19.0.7
74.337656000,66,172.19.0.7,172.19.0.8
74.337708000,70,172.19.0.9,172.19.0.8
74.337735000,66,172.19.0.8,172.19.0.9
74.340594000,76,172.19.0.7,172.19.0.8
74.340981000,76,172.19.0.8,172.19.0.9
74.341178000,70,172.19.0.8,172.19.0.7
74.341236000,66,172.19.0.7,172.19.0.8
74.341612000,70,172.19.0.9,172.19.0.8
74.341629000,76,172.19.0.7,172.19.0.8
74.341639000,66,172.19.0.8,172.19.0.9
74.342515000,76,172.19.0.8,172.19.0.9
74.342602000,70,172.19.0.8,172.19.0.7
74.342786000,70,172.19.0.9,172.19.0.8
74.343009000,66,172.19.0.8,172.19.0.9
74.343398000,66,172.19.0.7,172.19.0.8
74.345459000,76,172.19.0.7,172.19.0.8
74.345781000,76,172.19.0.8,172.19.0.9
74.345988000,70,172.19.0.8,172.19.0.7
74.346054000,86,172.19.0.7,172.19.0.8
74.346148000,70,172.19.0.9,172.19.0.8
74.346175000,66,172.19.0.8,172.19.0.9
74.346289000,76,172.19.0.8,172.19.0.9
74.346389000,70,172.19.0.8,172.19.0.7
74.346499000,66,172.19.0.7,172.19.0.8
74.346612000,70,172.19.0.9,172.19.0.8
74.346636000,66,172.19.0.8,172.19.0.9
74.346683000,76,172.19.0.8,172.19.0.9
74.346741000,70,172.19.0.8,172.19.0.7
74.346792000,70,172.19.0.9,172.19.0.8
74.347078000,66,172.19.0.7,172.19.0.8
74.347173000,66,172.19.0.8,172.19.0.9
75.343590000,76,172.19.0.7,172.19.0.8
75.345301000,76,172.19.0.8,172.19.0.9
75.345425000,70,172.19.0.8,172.19.0.7
75.345560000,76,172.19.0.7,172.19.0.8
75.346073000,70,172.19.0.9,172.19.0.8
75.346099000,66,172.19.0.8,172.19.0.9
75.346937000,76,172.19.0.8,172.19.0.9
75.347004000,70,172.19.0.8,172.19.0.7
75.347101000,76,172.19.0.7,172.19.0.8
75.347373000,70,172.19.0.8,172.19.0.7
75.347428000,66,172.19.0.7,172.19.0.8
75.348270000,70,172.19.0.9,172.19.0.8
75.348358000,76,172.19.0.8,172.19.0.9
75.348465000,76,172.19.0.7,172.19.0.8
75.349031000,70,172.19.0.9,172.19.0.8
75.349676000,76,172.19.0.8,172.19.0.9
75.349837000,70,172.19.0.8,172.19.0.7
75.349893000,66,172.19.0.7,172.19.0.8
75.350208000,70,172.19.0.9,172.19.0.8
75.352557000,76,172.19.0.7,172.19.0.8
75.353042000,76,172.19.0.8,172.19.0.9
75.353208000,70,172.19.0.8,172.19.0.7
75.353283000,76,172.19.0.7,172.19.0.8
75.353510000,70,172.19.0.8,172.19.0.7
75.353809000,76,172.19.0.7,172.19.0.8
75.355625000,70,172.19.0.9,172.19.0.8
75.355598000,70,172.19.0.8,172.19.0.7
75.355666000,86,172.19.0.8,172.19.0.9
75.355760000,66,172.19.0.7,172.19.0.8
75.355883000,70,172.19.0.9,172.19.0.8
75.398478000,66,172.19.0.8,172.19.0.9
75.398570000,70,172.19.0.9,172.19.0.8
75.398590000,66,172.19.0.8,172.19.0.9
76.334880000,76,172.19.0.7,172.19.0.8
76.335486000,76,172.19.0.8,172.19.0.9
76.335940000,70,172.19.0.8,172.19.0.7
76.336059000,76,172.19.0.7,172.19.0.8
76.336399000,70,172.19.0.8,172.19.0.7
76.336526000,66,172.19.0.7,172.19.0.8
76.337075000,70,172.19.0.9,172.19.0.8
76.337129000,76,172.19.0.8,172.19.0.9
76.337394000,70,172.19.0.9,172.19.0.8
76.337420000,66,172.19.0.8,172.19.0.9
76.338180000,76,172.19.0.7,172.19.0.8
76.339653000,76,172.19.0.8,172.19.0.9
76.339851000,70,172.19.0.8,172.19.0.7
76.339984000,76,172.19.0.7,172.19.0.8
76.340089000,70,172.19.0.9,172.19.0.8
76.340115000,66,172.19.0.8,172.19.0.9
76.340167000,76,172.19.0.8,172.19.0.9
76.340237000,70,172.19.0.8,172.19.0.7
76.340310000,70,172.19.0.9,172.19.0.8
76.340334000,66,172.19.0.8,172.19.0.9
76.340365000,66,172.19.0.7,172.19.0.8
76.342257000,76,172.19.0.7,172.19.0.8
76.343002000,76,172.19.0.8,172.19.0.9
76.343332000,70,172.19.0.8,172.19.0.7
76.343468000,66,172.19.0.7,172.19.0.8
76.344024000,70,172.19.0.9,172.19.0.8
76.344078000,66,172.19.0.8,172.19.0.9
76.345140000,76,172.19.0.7,172.19.0.8
76.345442000,76,172.19.0.8,172.19.0.9
76.345569000,70,172.19.0.8,172.19.0.7
76.345729000,70,172.19.0.9,172.19.0.8
76.345757000,66,172.19.0.8,172.19.0.9
76.346204000,76,172.19.0.7,172.19.0.8
76.346833000,76,172.19.0.8,172.19.0.9
76.346960000,70,172.19.0.8,172.19.0.7
76.347154000,70,172.19.0.9,172.19.0.8
76.347202000,66,172.19.0.8,172.19.0.9
76.391274000,66,172.19.0.7,172.19.0.8
77.342152000,76,172.19.0.7,172.19.0.8
77.345071000,76,172.19.0.8,172.19.0.9
77.345217000,70,172.19.0.8,172.19.0.7
77.345296000,96,172.19.0.7,172.19.0.8
77.345626000,70,172.19.0.8,172.19.0.7
77.345705000,76,172.19.0.7,172.19.0.8
77.346123000,70,172.19.0.9,172.19.0.8
77.345927000,70,172.19.0.8,172.19.0.7
77.346127000,76,172.19.0.7,172.19.0.8
77.346159000,86,172.19.0.8,172.19.0.9
77.346565000,70,172.19.0.8,172.19.0.7
77.346640000,76,172.19.0.7,172.19.0.8
77.346677000,70,172.19.0.9,172.19.0.8
77.346710000,76,172.19.0.8,172.19.0.9
77.346800000,70,172.19.0.9,172.19.0.8
77.346823000,66,172.19.0.8,172.19.0.9
77.347029000,70,172.19.0.9,172.19.0.8
77.347053000,66,172.19.0.8,172.19.0.9
77.347199000,76,172.19.0.8,172.19.0.9
77.347428000,70,172.19.0.8,172.19.0.7
77.347507000,70,172.19.0.9,172.19.0.8
77.347531000,66,172.19.0.8,172.19.0.9
77.347574000,66,172.19.0.7,172.19.0.8
77.348020000,76,172.19.0.8,172.19.0.9
77.348187000,70,172.19.0.8,172.19.0.7
77.348310000,66,172.19.0.7,172.19.0.8
77.348385000,70,172.19.0.9,172.19.0.8
77.348411000,66,172.19.0.8,172.19.0.9
77.348773000,76,172.19.0.8,172.19.0.9
77.349019000,70,172.19.0.8,172.19.0.7
77.349086000,66,172.19.0.7,172.19.0.8
77.349372000,70,172.19.0.9,172.19.0.8
77.349397000,66,172.19.0.8,172.19.0.9
78.335293000,76,172.19.0.7,172.19.0.8
78.338344000,76,172.19.0.8,172.19.0.9
78.338543000,70,172.19.0.8,172.19.0.7
78.338610000,70,172.19.0.9,172.19.0.8
78.338633000,66,172.19.0.8,172.19.0.9
78.338667000,66,172.19.0.7,172.19.0.8
78.339419000,76,172.19.0.7,172.19.0.8
78.343053000,76,172.19.0.8,172.19.0.9
78.343305000,70,172.19.0.8,172.19.0.7
78.343478000,106,172.19.0.7,172.19.0.8
78.344048000,70,172.19.0.8,172.19.0.7
78.344621000,70,172.19.0.9,172.19.0.8
78.344655000,86,172.19.0.8,172.19.0.9
78.344917000,70,172.19.0.9,172.19.0.8
78.345008000,76,172.19.0.8,172.19.0.9
78.345199000,70,172.19.0.9,172.19.0.8
78.345248000,76,172.19.0.8,172.19.0.9
78.345382000,70,172.19.0.9,172.19.0.8
78.345403000,66,172.19.0.8,172.19.0.9
78.345537000,70,172.19.0.9,172.19.0.8
78.345557000,66,172.19.0.8,172.19.0.9
78.347615000,76,172.19.0.7,172.19.0.8
78.347651000,78,172.19.0.8,172.19.0.7
78.348872000,76,172.19.0.8,172.19.0.9
78.349613000,70,172.19.0.9,172.19.0.8
78.349640000,66,172.19.0.8,172.19.0.9
78.391340000,66,172.19.0.7,172.19.0.8
78.391413000,70,172.19.0.8,172.19.0.7
78.391511000,66,172.19.0.7,172.19.0.8
79.340552000,75,172.19.0.7,172.19.0.8
79.341742000,75,172.19.0.8,172.19.0.9
79.342018000,70,172.19.0.8,172.19.0.7
79.342090000,66,172.19.0.7,172.19.0.8
79.342520000,70,172.19.0.9,172.19.0.8
79.342565000,66,172.19.0.8,172.19.0.9
79.344685000,75,172.19.0.7,172.19.0.8
79.347525000,75,172.19.0.8,172.19.0.9
79.347716000,70,172.19.0.8,172.19.0.7
79.347801000,75,172.19.0.7,172.19.0.8
79.348107000,70,172.19.0.8,172.19.0.7
79.348331000,66,172.19.0.7,172.19.0.8
79.349679000,70,172.19.0.9,172.19.0.8
79.349714000,75,172.19.0.8,172.19.0.9
79.349966000,70,172.19.0.9,172.19.0.8
79.351195000,75,172.19.0.7,172.19.0.8
79.351692000,75,172.19.0.8,172.19.0.9
79.351786000,70,172.19.0.8,172.19.0.7
79.351842000,66,172.19.0.7,172.19.0.8
79.351874000,75,172.19.0.7,172.19.0.8
79.352038000,70,172.19.0.9,172.19.0.8
79.352139000,75,172.19.0.8,172.19.0.9
79.352204000,70,172.19.0.8,172.19.0.7
79.352520000,75,172.19.0.7,172.19.0.8
79.352557000,70,172.19.0.9,172.19.0.8
79.352666000,75,172.19.0.8,172.19.0.9
79.352727000,70,172.19.0.8,172.19.0.7
79.352780000,66,172.19.0.7,172.19.0.8
79.352967000,75,172.19.0.7,172.19.0.8
79.353147000,70,172.19.0.8,172.19.0.7
79.353252000,66,172.19.0.7,172.19.0.8
79.353564000,70,172.19.0.9,172.19.0.8
79.353650000,75,172.19.0.8,172.19.0.9
79.353961000,70,172.19.0.9,172.19.0.8
79.394214000,66,172.19.0.8,172.19.0.9
80.336266000,76,172.19.0.7,172.19.0.8
80.337078000,76,172.19.0.8,172.19.0.9
80.337965000,70,172.19.0.8,172.19.0.7
80.338096000,66,172.19.0.7,172.19.0.8
80.338157000,70,172.19.0.9,172.19.0.8
80.338186000,66,172.19.0.8,172.19.0.9
80.340211000,76,172.19.0.7,172.19.0.8
80.342545000,76,172.19.0.8,172.19.0.9
80.342998000,70,172.19.0.9,172.19.0.8
80.343030000,66,172.19.0.8,172.19.0.9
80.343083000,70,172.19.0.8,172.19.0.7
80.343226000,76,172.19.0.7,172.19.0.8
80.346269000,76,172.19.0.8,172.19.0.9
80.346405000,70,172.19.0.8,172.19.0.7
80.346472000,76,172.19.0.7,172.19.0.8
80.346969000,70,172.19.0.8,172.19.0.7
80.347040000,66,172.19.0.7,172.19.0.8
80.347375000,76,172.19.0.7,172.19.0.8
80.347389000,70,172.19.0.9,172.19.0.8
80.347430000,76,172.19.0.8,172.19.0.9
80.347987000,70,172.19.0.9,172.19.0.8
80.348056000,66,172.19.0.8,172.19.0.9
80.350768000,76,172.19.0.8,172.19.0.9
80.351443000,70,172.19.0.8,172.19.0.7
80.351580000,70,172.19.0.9,172.19.0.8
80.351608000,66,172.19.0.8,172.19.0.9
80.351769000,76,172.19.0.7,172.19.0.8
80.352173000,76,172.19.0.8,172.19.0.9
80.352371000,70,172.19.0.8,172.19.0.7
80.352972000,70,172.19.0.9,172.19.0.8
80.352997000,66,172.19.0.8,172.19.0.9
80.354027000,76,172.19.0.7,172.19.0.8
80.354807000,76,172.19.0.8,172.19.0.9
80.355008000,70,172.19.0.8,172.19.0.7
80.355321000,70,172.19.0.9,172.19.0.8
80.355347000,66,172.19.0.8,172.19.0.9
80.402708000,66,172.19.0.7,172.19.0.8
81.342606000,76,172.19.0.7,172.19.0.8
81.343104000,76,172.19.0.8,172.19.0.9
81.343270000,70,172.19.0.8,172.19.0.7
81.343335000,66,172.19.0.7,172.19.0.8
81.344044000,70,172.19.0.9,172.19.0.8
81.344093000,66,172.19.0.8,172.19.0.9
81.344246000,76,172.19.0.7,172.19.0.8
81.345887000,76,172.19.0.8,172.19.0.9
81.346016000,70,172.19.0.8,172.19.0.7
81.346072000,66,172.19.0.7,172.19.0.8
81.346224000,70,172.19.0.9,172.19.0.8
81.346255000,66,172.19.0.8,172.19.0.9
81.346710000,76,172.19.0.7,172.19.0.8
81.357758000,76,172.19.0.8,172.19.0.9
81.358277000,70,172.19.0.8,172.19.0.7
81.358847000,106,172.19.0.7,172.19.0.8
81.358966000,70,172.19.0.9,172.19.0.8
81.358998000,66,172.19.0.8,172.19.0.9
81.360110000,76,172.19.0.8,172.19.0.9
81.360265000,70,172.19.0.8,172.19.0.7
81.360452000,66,172.19.0.7,172.19.0.8
81.360687000,70,172.19.0.9,172.19.0.8
81.360880000,76,172.19.0.8,172.19.0.9
81.361060000,70,172.19.0.8,172.19.0.7
81.361206000,66,172.19.0.7,172.19.0.8
81.361228000,70,172.19.0.9,172.19.0.8
81.361482000,76,172.19.0.8,172.19.0.9
81.361580000,70,172.19.0.8,172.19.0.7
81.361681000,66,172.19.0.7,172.19.0.8
81.362141000,70,172.19.0.8,172.19.0.7
81.362146000,70,172.19.0.9,172.19.0.8
81.362189000,76,172.19.0.8,172.19.0.9
81.362208000,66,172.19.0.7,172.19.0.8
81.362405000,70,172.19.0.9,172.19.0.8
81.402235000,66,172.19.0.8,172.19.0.9
82.338785000,76,172.19.0.7,172.19.0.8
82.339900000,76,172.19.0.8,172.19.0.9
82.340053000,70,172.19.0.8,172.19.0.7
82.340111000,66,172.19.0.7,172.19.0.8
82.342039000,70,172.19.0.9,172.19.0.8
82.342069000,66,172.19.0.8,172.19.0.9
82.344597000,76,172.19.0.7,172.19.0.8
82.345337000,76,172.19.0.8,172.19.0.9
82.345462000,70,172.19.0.8,172.19.0.7
82.345603000,76,172.19.0.7,172.19.0.8
82.345852000,70,172.19.0.9,172.19.0.8
82.345874000,70,172.19.0.8,172.19.0.7
82.345891000,76,172.19.0.8,172.19.0.9
82.345928000,66,172.19.0.7,172.19.0.8
82.346065000,70,172.19.0.9,172.19.0.8
82.346094000,66,172.19.0.8,172.19.0.9
82.349870000,76,172.19.0.7,172.19.0.8
82.350565000,76,172.19.0.8,172.19.0.9
82.350968000,70,172.19.0.8,172.19.0.7
82.351055000,66,172.19.0.7,172.19.0.8
82.351172000,70,172.19.0.9,172.19.0.8
82.351203000,66,172.19.0.8,172.19.0.9
82.351981000,76,172.19.0.7,172.19.0.8
82.352827000,76,172.19.0.8,172.19.0.9
82.353091000,70,172.19.0.9,172.19.0.8
82.353117000,66,172.19.0.8,172.19.0.9
82.353205000,70,172.19.0.8,172.19.0.7
82.353271000,86,172.19.0.7,172.19.0.8
82.353733000,76,172.19.0.8,172.19.0.9
82.353838000,70,172.19.0.8,172.19.0.7
82.353927000,66,172.19.0.7,172.19.0.8
82.354086000,70,172.19.0.8,172.19.0.7
82.354251000,66,172.19.0.7,172.19.0.8
82.355050000,70,172.19.0.9,172.19.0.8
82.355083000,76,172.19.0.8,172.19.0.9
82.355300000,70,172.19.0.9,172.19.0.8
82.355332000,66,172.19.0.8,172.19.0.9
83.345150000,76,172.19.0.7,172.19.0.8
83.346701000,76,172.19.0.8,172.19.0.9
83.346902000,70,172.19.0.8,172.19.0.7
83.346969000,106,172.19.0.7,172.19.0.8
83.347188000,70,172.19.0.8,172.19.0.7
83.347302000,76,172.19.0.7,172.19.0.8
83.347332000,70,172.19.0.9,172.19.0.8
83.347368000,76,172.19.0.8,172.19.0.9
83.347419000,70,172.19.0.8,172.19.0.7
83.347546000,70,172.19.0.9,172.19.0.8
83.347579000,76,172.19.0.8,172.19.0.9
83.347730000,70,172.19.0.9,172.19.0.8
83.347763000,76,172.19.0.8,172.19.0.9
83.347987000,70,172.19.0.9,172.19.0.8
83.348020000,76,172.19.0.8,172.19.0.9
83.348188000,70,172.19.0.9,172.19.0.8
83.348292000,76,172.19.0.8,172.19.0.9
83.348546000,70,172.19.0.9,172.19.0.8
83.348571000,66,172.19.0.8,172.19.0.9
83.352677000,76,172.19.0.7,172.19.0.8
83.352711000,78,172.19.0.8,172.19.0.7
83.353328000,76,172.19.0.8,172.19.0.9
83.353949000,70,172.19.0.9,172.19.0.8
83.353977000,66,172.19.0.8,172.19.0.9
83.394568000,66,172.19.0.7,172.19.0.8
83.394597000,70,172.19.0.8,172.19.0.7
83.394667000,66,172.19.0.7,172.19.0.8
84.341184000,75,172.19.0.7,172.19.0.8
84.341945000,75,172.19.0.8,172.19.0.9
84.342515000,70,172.19.0.9,172.19.0.8
84.342543000,66,172.19.0.8,172.19.0.9
84.342718000,70,172.19.0.8,172.19.0.7
84.342827000,66,172.19.0.7,172.19.0.8
84.344711000,75,172.19.0.7,172.19.0.8
84.346352000,75,172.19.0.8,172.19.0.9
84.346547000,70,172.19.0.8,172.19.0.7
84.346635000,66,172.19.0.7,172.19.0.8
84.346673000,70,172.19.0.9,172.19.0.8
84.346701000,66,172.19.0.8,172.19.0.9
84.347646000,75,172.19.0.7,172.19.0.8
84.350007000,75,172.19.0.8,172.19.0.9
84.350175000,70,172.19.0.8,172.19.0.7
84.350291000,84,172.19.0.7,172.19.0.8
84.350329000,70,172.19.0.9,172.19.0.8
84.350356000,66,172.19.0.8,172.19.0.9
84.350610000,75,172.19.0.8,172.19.0.9
84.350724000,70,172.19.0.8,172.19.0.7
84.351050000,66,172.19.0.7,172.19.0.8
84.351092000,70,172.19.0.9,172.19.0.8
84.351118000,66,172.19.0.8,172.19.0.9
84.351980000,75,172.19.0.7,172.19.0.8
84.352907000,75,172.19.0.8,172.19.0.9
84.353041000,70,172.19.0.8,172.19.0.7
84.353156000,66,172.19.0.7,172.19.0.8
84.353328000,70,172.19.0.9,172.19.0.8
84.353775000,75,172.19.0.8,172.19.0.9
84.354271000,70,172.19.0.8,172.19.0.7
84.354368000,66,172.19.0.7,172.19.0.8
84.354387000,70,172.19.0.9,172.19.0.8
84.355366000,75,172.19.0.7,172.19.0.8
84.356605000,75,172.19.0.8,172.19.0.9
84.356731000,70,172.19.0.8,172.19.0.7
84.357205000,70,172.19.0.9,172.19.0.8
84.398662000,66,172.19.0.7,172.19.0.8
84.398666000,66,172.19.0.8,172.19.0.9
85.342164000,76,172.19.0.7,172.19.0.8
85.343565000,76,172.19.0.8,172.19.0.9
85.343660000,70,172.19.0.8,172.19.0.7
85.344196000,76,172.19.0.7,172.19.0.8
85.344711000,70,172.19.0.9,172.19.0.8
85.344737000,66,172.19.0.8,172.19.0.9
85.344891000,76,172.19.0.8,172.19.0.9
85.345307000,70,172.19.0.9,172.19.0.8
85.345341000,66,172.19.0.8,172.19.0.9
85.345395000,70,172.19.0.8,172.19.0.7
85.345467000,66,172.19.0.7,172.19.0.8
85.345905000,76,172.19.0.7,172.19.0.8
85.346114000,76,172.19.0.8,172.19.0.9
85.346648000,70,172.19.0.8,172.19.0.7
85.346722000,70,172.19.0.9,172.19.0.8
85.346748000,66,172.19.0.8,172.19.0.9
85.346826000,66,172.19.0.7,172.19.0.8
85.347856000,76,172.19.0.7,172.19.0.8
85.348271000,76,172.19.0.8,172.19.0.9
85.348469000,70,172.19.0.8,172.19.0.7
85.348598000,66,172.19.0.7,172.19.0.8
85.348828000,70,172.19.0.9,172.19.0.8
85.348872000,66,172.19.0.8,172.19.0.9
85.349085000,76,172.19.0.7,172.19.0.8
85.349652000,76,172.19.0.8,172.19.0.9
85.349862000,70,172.19.0.8,172.19.0.7
85.349920000,66,172.19.0.7,172.19.0.8
85.349921000,70,172.19.0.9,172.19.0.8
85.349948000,66,172.19.0.8,172.19.0.9
85.350558000,76,172.19.0.7,172.19.0.8
85.351460000,76,172.19.0.8,172.19.0.9
85.351725000,70,172.19.0.8,172.19.0.7
85.351851000,66,172.19.0.7,172.19.0.8
85.351927000,70,172.19.0.9,172.19.0.8
85.351953000,66,172.19.0.8,172.19.0.9
85.355616000,76,172.19.0.7,172.19.0.8
85.356163000,76,172.19.0.8,172.19.0.9
85.356313000,70,172.19.0.8,172.19.0.7
85.356440000,70,172.19.0.9,172.19.0.8
85.356467000,66,172.19.0.8,172.19.0.9
85.399345000,66,172.19.0.7,172.19.0.8
86.345880000,76,172.19.0.7,172.19.0.8
86.346855000,76,172.19.0.8,172.19.0.9
86.347012000,70,172.19.0.8,172.19.0.7
86.347071000,66,172.19.0.7,172.19.0.8
86.347441000,70,172.19.0.9,172.19.0.8
86.347469000,66,172.19.0.8,172.19.0.9
86.348073000,76,172.19.0.7,172.19.0.8
86.348773000,76,172.19.0.8,172.19.0.9
86.348961000,70,172.19.0.8,172.19.0.7
86.349030000,86,172.19.0.7,172.19.0.8
86.349257000,70,172.19.0.8,172.19.0.7
86.349321000,76,172.19.0.7,172.19.0.8
86.349650000,70,172.19.0.8,172.19.0.7
86.349711000,76,172.19.0.7,172.19.0.8
86.350223000,70,172.19.0.8,172.19.0.7
86.350283000,66,172.19.0.7,172.19.0.8
86.350529000,70,172.19.0.8,172.19.0.7
86.350611000,66,172.19.0.7,172.19.0.8
86.350951000,70,172.19.0.9,172.19.0.8
86.350987000,106,172.19.0.8,172.19.0.9
86.351333000,70,172.19.0.9,172.19.0.8
86.351460000,66,172.19.0.8,172.19.0.9
86.351653000,70,172.19.0.9,172.19.0.8
86.351676000,66,172.19.0.8,172.19.0.9
86.351951000,70,172.19.0.9,172.19.0.8
86.351975000,66,172.19.0.8,172.19.0.9
86.352125000,70,172.19.0.9,172.19.0.8
86.352170000,66,172.19.0.8,172.19.0.9
86.357694000,76,172.19.0.7,172.19.0.8
86.358543000,76,172.19.0.8,172.19.0.9
86.358736000,70,172.19.0.8,172.19.0.7
86.358885000,66,172.19.0.7,172.19.0.8
86.359717000,70,172.19.0.9,172.19.0.8
86.359742000,66,172.19.0.8,172.19.0.9
87.345071000,76,172.19.0.7,172.19.0.8
87.348066000,76,172.19.0.8,172.19.0.9
87.348359000,70,172.19.0.8,172.19.0.7
87.348391000,70,172.19.0.9,172.19.0.8
87.348539000,116,172.19.0.7,172.19.0.8
87.348610000,66,172.19.0.8,172.19.0.9
87.348738000,76,172.19.0.8,172.19.0.9
87.348957000,70,172.19.0.9,172.19.0.8
87.348982000,66,172.19.0.8,172.19.0.9
87.351951000,70,172.19.0.8,172.19.0.7
87.357028000,76,172.19.0.8,172.19.0.9
87.357563000,70,172.19.0.9,172.19.0.8
87.357719000,66,172.19.0.8,172.19.0.9
87.358162000,76,172.19.0.8,172.19.0.9
87.358283000,76,172.19.0.7,172.19.0.8
87.358319000,74,172.19.0.8,172.19.0.7
87.358713000,70,172.19.0.9,172.19.0.8
87.358740000,66,172.19.0.8,172.19.0.9
87.359367000,76,172.19.0.8,172.19.0.9
87.359772000,70,172.19.0.9,172.19.0.8
87.359807000,76,172.19.0.8,172.19.0.9
87.360013000,70,172.19.0.9,172.19.0.8
87.360659000,76,172.19.0.8,172.19.0.9
87.361156000,70,172.19.0.9,172.19.0.8
87.398821000,66,172.19.0.7,172.19.0.8
87.398859000,78,172.19.0.8,172.19.0.7
87.398967000,66,172.19.0.7,172.19.0.8
87.402102000,66,172.19.0.8,172.19.0.9
88.343099000,76,172.19.0.7,172.19.0.8
88.343696000,76,172.19.0.8,172.19.0.9
88.343884000,70,172.19.0.8,172.19.0.7
88.343996000,66,172.19.0.7,172.19.0.8
88.344130000,70,172.19.0.9,172.19.0.8
88.344160000,66,172.19.0.8,172.19.0.9
88.349677000,76,172.19.0.7,172.19.0.8
88.350097000,76,172.19.0.8,172.19.0.9
88.350206000,70,172.19.0.8,172.19.0.7
88.350309000,66,172.19.0.7,172.19.0.8
88.350464000,70,172.19.0.9,172.19.0.8
88.350496000,66,172.19.0.8,172.19.0.9
88.351976000,76,172.19.0.7,172.19.0.8
88.352563000,76,172.19.0.8,172.19.0.9
88.353519000,70,172.19.0.9,172.19.0.8
88.353546000,66,172.19.0.8,172.19.0.9
88.353567000,70,172.19.0.8,172.19.0.7
88.353675000,66,172.19.0.7,172.19.0.8
88.357318000,76,172.19.0.7,172.19.0.8
88.357764000,76,172.19.0.8,172.19.0.9
88.358059000,70,172.19.0.8,172.19.0.7
88.358187000,66,172.19.0.7,172.19.0.8
88.359180000,70,172.19.0.9,172.19.0.8
88.359211000,66,172.19.0.8,172.19.0.9
88.359598000,76,172.19.0.7,172.19.0.8
88.360053000,76,172.19.0.8,172.19.0.9
88.360184000,70,172.19.0.8,172.19.0.7
88.360352000,66,172.19.0.7,172.19.0.8
88.360867000,70,172.19.0.9,172.19.0.8
88.360922000,66,172.19.0.8,172.19.0.9
88.361654000,76,172.19.0.7,172.19.0.8
88.362423000,76,172.19.0.8,172.19.0.9
88.362566000,70,172.19.0.8,172.19.0.7
88.362790000,76,172.19.0.7,172.19.0.8
88.363157000,70,172.19.0.8,172.19.0.7
88.363214000,66,172.19.0.7,172.19.0.8
88.364594000,70,172.19.0.9,172.19.0.8
88.364631000,76,172.19.0.8,172.19.0.9
88.364833000,70,172.19.0.9,172.19.0.8
88.364858000,66,172.19.0.8,172.19.0.9
89.343758000,76,172.19.0.7,172.19.0.8
89.345165000,76,172.19.0.8,172.19.0.9
89.345286000,70,172.19.0.8,172.19.0.7
89.345418000,76,172.19.0.7,172.19.0.8
89.345661000,70,172.19.0.8,172.19.0.7
89.345714000,66,172.19.0.7,172.19.0.8
89.345750000,70,172.19.0.9,172.19.0.8
89.345786000,76,172.19.0.8,172.19.0.9
89.345982000,70,172.19.0.9,172.19.0.8
89.346007000,66,172.19.0.8,172.19.0.9
89.347930000,76,172.19.0.7,172.19.0.8
89.348813000,76,172.19.0.8,172.19.0.9
89.348961000,70,172.19.0.8,172.19.0.7
89.349058000,70,172.19.0.9,172.19.0.8
89.349068000,66,172.19.0.7,172.19.0.8
89.349085000,66,172.19.0.8,172.19.0.9
89.352190000,76,172.19.0.7,172.19.0.8
89.352600000,76,172.19.0.8,172.19.0.9
89.352753000,70,172.19.0.8,172.19.0.7
89.352859000,66,172.19.0.7,172.19.0.8
89.353080000,70,172.19.0.9,172.19.0.8
89.353107000,66,172.19.0.8,172.19.0.9
89.354392000,76,172.19.0.7,172.19.0.8
89.354938000,76,172.19.0.8,172.19.0.9
89.355121000,70,172.19.0.8,172.19.0.7
89.355216000,66,172.19.0.7,172.19.0.8
89.355334000,70,172.19.0.9,172.19.0.8
89.355361000,66,172.19.0.8,172.19.0.9
89.359316000,76,172.19.0.7,172.19.0.8
89.359766000,76,172.19.0.8,172.19.0.9
89.359997000,70,172.19.0.8,172.19.0.7
89.360149000,66,172.19.0.7,172.19.0.8
89.361229000,70,172.19.0.9,172.19.0.8
89.361257000,66,172.19.0.8,172.19.0.9
89.363341000,76,172.19.0.7,172.19.0.8
89.364034000,76,172.19.0.8,172.19.0.9
89.364193000,70,172.19.0.8,172.19.0.7
89.364306000,66,172.19.0.7,172.19.0.8
89.364322000,70,172.19.0.9,172.19.0.8
89.364350000,66,172.19.0.8,172.19.0.9
90.343995000,76,172.19.0.7,172.19.0.8
90.344520000,76,172.19.0.8,172.19.0.9
90.344808000,70,172.19.0.8,172.19.0.7
90.344964000,70,172.19.0.9,172.19.0.8
90.344980000,66,172.19.0.7,172.19.0.8
90.344990000,66,172.19.0.8,172.19.0.9
90.345481000,76,172.19.0.7,172.19.0.8
90.346435000,76,172.19.0.8,172.19.0.9
90.346609000,70,172.19.0.8,172.19.0.7
90.346641000,70,172.19.0.9,172.19.0.8
90.346672000,66,172.19.0.8,172.19.0.9
90.346947000,76,172.19.0.7,172.19.0.8
90.347343000,76,172.19.0.8,172.19.0.9
90.347492000,70,172.19.0.8,172.19.0.7
90.347548000,66,172.19.0.7,172.19.0.8
90.347694000,70,172.19.0.9,172.19.0.8
90.347776000,66,172.19.0.8,172.19.0.9
90.353800000,76,172.19.0.7,172.19.0.8
90.359688000,76,172.19.0.8,172.19.0.9
90.359818000,70,172.19.0.8,172.19.0.7
90.361317000,70,172.19.0.9,172.19.0.8
90.361343000,66,172.19.0.8,172.19.0.9
90.369069000,76,172.19.0.7,172.19.0.8
90.369398000,76,172.19.0.8,172.19.0.9
90.369558000,70,172.19.0.8,172.19.0.7
90.369854000,70,172.19.0.9,172.19.0.8
90.369879000,66,172.19.0.8,172.19.0.9
90.370800000,76,172.19.0.7,172.19.0.8
90.371567000,76,172.19.0.8,172.19.0.9
90.371737000,70,172.19.0.8,172.19.0.7
90.371863000,70,172.19.0.9,172.19.0.8
90.371870000,76,172.19.0.7,172.19.0.8
90.371890000,66,172.19.0.8,172.19.0.9
90.372484000,76,172.19.0.8,172.19.0.9
90.372600000,70,172.19.0.8,172.19.0.7
90.372794000,70,172.19.0.9,172.19.0.8
90.372820000,66,172.19.0.8,172.19.0.9
90.414583000,66,172.19.0.7,172.19.0.8
91.346336000,76,172.19.0.7,172.19.0.8
91.348086000,76,172.19.0.8,172.19.0.9
91.348417000,70,172.19.0.8,172.19.0.7
91.348616000,76,172.19.0.7,172.19.0.8
91.348778000,70,172.19.0.9,172.19.0.8
91.348807000,66,172.19.0.8,172.19.0.9
91.348838000,76,172.19.0.8,172.19.0.9
91.348966000,70,172.19.0.8,172.19.0.7
91.348977000,70,172.19.0.9,172.19.0.8
91.349001000,66,172.19.0.8,172.19.0.9
91.349035000,66,172.19.0.7,172.19.0.8
91.349536000,76,172.19.0.7,172.19.0.8
91.350560000,76,172.19.0.8,172.19.0.9
91.350980000,70,172.19.0.8,172.19.0.7
91.351191000,66,172.19.0.7,172.19.0.8
91.351792000,70,172.19.0.9,172.19.0.8
91.351836000,66,172.19.0.8,172.19.0.9
91.353411000,76,172.19.0.7,172.19.0.8
91.354417000,76,172.19.0.8,172.19.0.9
91.354925000,70,172.19.0.8,172.19.0.7
91.355109000,86,172.19.0.7,172.19.0.8
91.355296000,70,172.19.0.8,172.19.0.7
91.355505000,70,172.19.0.9,172.19.0.8
91.355511000,66,172.19.0.7,172.19.0.8
91.355539000,76,172.19.0.8,172.19.0.9
91.355747000,70,172.19.0.8,172.19.0.7
91.355800000,66,172.19.0.7,172.19.0.8
91.355818000,70,172.19.0.9,172.19.0.8
91.355851000,76,172.19.0.8,172.19.0.9
91.356022000,70,172.19.0.9,172.19.0.8
91.362601000,76,172.19.0.7,172.19.0.8
91.363053000,76,172.19.0.8,172.19.0.9
91.363510000,70,172.19.0.8,172.19.0.7
91.363684000,66,172.19.0.7,172.19.0.8
91.365560000,70,172.19.0.9,172.19.0.8
91.406567000,66,172.19.0.8,172.19.0.9
92.352732000,76,172.19.0.7,172.19.0.8
92.353155000,76,172.19.0.8,172.19.0.9
92.353378000,70,172.19.0.8,172.19.0.7
92.353436000,66,172.19.0.7,172.19.0.8
92.357093000,70,172.19.0.9,172.19.0.8
92.357124000,66,172.19.0.8,172.19.0.9
92.359447000,76,172.19.0.7,172.19.0.8
92.359771000,76,172.19.0.8,172.19.0.9
92.359886000,70,172.19.0.8,172.19.0.7
92.359965000,66,172.19.0.7,172.19.0.8
92.360216000,70,172.19.0.9,172.19.0.8
92.360240000,66,172.19.0.8,172.19.0.9
92.363077000,76,172.19.0.7,172.19.0.8
92.363697000,76,172.19.0.8,172.19.0.9
92.363863000,70,172.19.0.8,172.19.0.7
92.363971000,66,172.19.0.7,172.19.0.8
92.364159000,70,172.19.0.9,172.19.0.8
92.364186000,66,172.19.0.8,172.19.0.9
92.367104000,76,172.19.0.7,172.19.0.8
92.367956000,76,172.19.0.8,172.19.0.9
92.368246000,70,172.19.0.8,172.19.0.7
92.368383000,70,172.19.0.9,172.19.0.8
92.368398000,66,172.19.0.7,172.19.0.8
92.368411000,66,172.19.0.8,172.19.0.9
92.370188000,76,172.19.0.7,172.19.0.8
92.370645000,76,172.19.0.8,172.19.0.9
92.371096000,70,172.19.0.9,172.19.0.8
92.371124000,66,172.19.0.8,172.19.0.9
92.371595000,70,172.19.0.8,172.19.0.7
92.371651000,66,172.19.0.7,172.19.0.8
92.372161000,76,172.19.0.7,172.19.0.8
92.372786000,76,172.19.0.8,172.19.0.9
92.372936000,70,172.19.0.8,172.19.0.7
92.373226000,70,172.19.0.9,172.19.0.8
92.373253000,66,172.19.0.8,172.19.0.9
92.374929000,76,172.19.0.7,172.19.0.8
92.375402000,76,172.19.0.8,172.19.0.9
92.375592000,70,172.19.0.8,172.19.0.7
92.376187000,70,172.19.0.9,172.19.0.8
92.376214000,66,172.19.0.8,172.19.0.9
92.418928000,66,172.19.0.7,172.19.0.8
93.349042000,76,172.19.0.7,172.19.0.8
93.355586000,76,172.19.0.8,172.19.0.9
93.355861000,70,172.19.0.9,172.19.0.8
93.355888000,66,172.19.0.8,172.19.0.9
93.356057000,70,172.19.0.8,172.19.0.7
93.356444000,106,172.19.0.7,172.19.0.8
93.357433000,76,172.19.0.8,172.19.0.9
93.357554000,70,172.19.0.8,172.19.0.7
93.357729000,70,172.19.0.9,172.19.0.8
93.357747000,66,172.19.0.7,172.19.0.8
93.357757000,66,172.19.0.8,172.19.0.9
93.359077000,76,172.19.0.8,172.19.0.9
93.359191000,70,172.19.0.8,172.19.0.7
93.359246000,66,172.19.0.7,172.19.0.8
93.359468000,70,172.19.0.8,172.19.0.7
93.359520000,66,172.19.0.7,172.19.0.8
93.359770000,70,172.19.0.8,172.19.0.7
93.359860000,66,172.19.0.7,172.19.0.8
93.360322000,70,172.19.0.9,172.19.0.8
93.360356000,86,172.19.0.8,172.19.0.9
93.360407000,76,172.19.0.7,172.19.0.8
93.360561000,70,172.19.0.9,172.19.0.8
93.360585000,66,172.19.0.8,172.19.0.9
93.360736000,70,172.19.0.9,172.19.0.8
93.360759000,66,172.19.0.8,172.19.0.9
93.361092000,76,172.19.0.8,172.19.0.9
93.361260000,70,172.19.0.8,172.19.0.7
93.361442000,66,172.19.0.7,172.19.0.8
93.362085000,70,172.19.0.9,172.19.0.8
93.362111000,66,172.19.0.8,172.19.0.9
93.367519000,76,172.19.0.7,172.19.0.8
93.368112000,76,172.19.0.8,172.19.0.9
93.368242000,70,172.19.0.8,172.19.0.7
93.368451000,66,172.19.0.7,172.19.0.8
93.368872000,70,172.19.0.9,172.19.0.8
93.368918000,66,172.19.0.8,172.19.0.9
94.349081000,76,172.19.0.7,172.19.0.8
94.355139000,76,172.19.0.8,172.19.0.9
94.355339000,70,172.19.0.8,172.19.0.7
94.355433000,86,172.19.0.7,172.19.0.8
94.355751000,70,172.19.0.8,172.19.0.7
94.356090000,70,172.19.0.9,172.19.0.8
94.356129000,86,172.19.0.8,172.19.0.9
94.356405000,70,172.19.0.9,172.19.0.8
94.356434000,66,172.19.0.8,172.19.0.9
94.356670000,70,172.19.0.9,172.19.0.8
94.356717000,66,172.19.0.8,172.19.0.9
94.362099000,76,172.19.0.7,172.19.0.8
94.362137000,70,172.19.0.8,172.19.0.7
94.362352000,76,172.19.0.8,172.19.0.9
94.362942000,70,172.19.0.9,172.19.0.8
94.362990000,66,172.19.0.8,172.19.0.9
94.363583000,76,172.19.0.7,172.19.0.8
94.363623000,70,172.19.0.8,172.19.0.7
94.364272000,76,172.19.0.8,172.19.0.9
94.364609000,70,172.19.0.9,172.19.0.8
94.364917000,76,172.19.0.7,172.19.0.8
94.364956000,70,172.19.0.8,172.19.0.7
94.365389000,76,172.19.0.8,172.19.0.9
94.365923000,70,172.19.0.9,172.19.0.8
94.370037000,76,172.19.0.7,172.19.0.8
94.370071000,70,172.19.0.8,172.19.0.7
94.370444000,76,172.19.0.8,172.19.0.9
94.371069000,70,172.19.0.9,172.19.0.8
94.410951000,66,172.19.0.7,172.19.0.8
94.410984000,70,172.19.0.8,172.19.0.7
94.411146000,66,172.19.0.7,172.19.0.8
94.414447000,66,172.19.0.8,172.19.0.9
95.349145000,76,172.19.0.7,172.19.0.8
95.349868000,76,172.19.0.8,172.19.0.9
95.349980000,70,172.19.0.8,172.19.0.7
95.350094000,66,172.19.0.7,172.19.0.8
95.350578000,70,172.19.0.9,172.19.0.8
95.350607000,66,172.19.0.8,172.19.0.9
95.355033000,76,172.19.0.7,172.19.0.8
95.357018000,76,172.19.0.8,172.19.0.9
95.357579000,70,172.19.0.8,172.19.0.7
95.357641000,66,172.19.0.7,172.19.0.8
95.357962000,76,172.19.0.7,172.19.0.8
95.358326000,70,172.19.0.9,172.19.0.8
95.358354000,66,172.19.0.8,172.19.0.9
95.358956000,76,172.19.0.8,172.19.0.9
95.359081000,70,172.19.0.8,172.19.0.7
95.359244000,70,172.19.0.9,172.19.0.8
95.359262000,66,172.19.0.7,172.19.0.8
95.359270000,66,172.19.0.8,172.19.0.9
95.362479000,76,172.19.0.7,172.19.0.8
95.364519000,76,172.19.0.8,172.19.0.9
95.364846000,70,172.19.0.8,172.19.0.7
95.364953000,86,172.19.0.7,172.19.0.8
95.365076000,70,172.19.0.9,172.19.0.8
95.365131000,66,172.19.0.8,172.19.0.9
95.365419000,76,172.19.0.8,172.19.0.9
95.365493000,70,172.19.0.8,172.19.0.7
95.365552000,70,172.19.0.9,172.19.0.8
95.365579000,66,172.19.0.8,172.19.0.9
95.365582000,66,172.19.0.7,172.19.0.8
95.365857000,76,172.19.0.8,172.19.0.9
95.365934000,70,172.19.0.8,172.19.0.7
95.366051000,66,172.19.0.7,172.19.0.8
95.366056000,70,172.19.0.9,172.19.0.8
95.366090000,66,172.19.0.8,172.19.0.9
95.369640000,76,172.19.0.7,172.19.0.8
95.370063000,76,172.19.0.8,172.19.0.9
95.370411000,70,172.19.0.8,172.19.0.7
95.370531000,66,172.19.0.7,172.19.0.8
95.371620000,70,172.19.0.9,172.19.0.8
95.371665000,66,172.19.0.8,172.19.0.9
96.351790000,75,172.19.0.7,172.19.0.8
96.352753000,75,172.19.0.8,172.19.0.9
96.352922000,70,172.19.0.8,172.19.0.7
96.353184000,75,172.19.0.7,172.19.0.8
96.353380000,70,172.19.0.8,172.19.0.7
96.353449000,66,172.19.0.7,172.19.0.8
96.353678000,70,172.19.0.9,172.19.0.8
96.353851000,75,172.19.0.8,172.19.0.9
96.355198000,70,172.19.0.9,172.19.0.8
96.355231000,66,172.19.0.8,172.19.0.9
96.356637000,75,172.19.0.7,172.19.0.8
96.357182000,75,172.19.0.8,172.19.0.9
96.357271000,70,172.19.0.8,172.19.0.7
96.357378000,66,172.19.0.7,172.19.0.8
96.361139000,75,172.19.0.7,172.19.0.8
96.361750000,70,172.19.0.8,172.19.0.7
96.361857000,66,172.19.0.7,172.19.0.8
96.362363000,70,172.19.0.9,172.19.0.8
96.362510000,75,172.19.0.8,172.19.0.9
96.365527000,70,172.19.0.9,172.19.0.8
96.366821000,75,172.19.0.7,172.19.0.8
96.371357000,75,172.19.0.8,172.19.0.9
96.371568000,70,172.19.0.9,172.19.0.8
96.371850000,70,172.19.0.8,172.19.0.7
96.371992000,75,172.19.0.7,172.19.0.8
96.372381000,75,172.19.0.8,172.19.0.9
96.372553000,70,172.19.0.9,172.19.0.8
96.372847000,70,172.19.0.8,172.19.0.7
96.372905000,66,172.19.0.7,172.19.0.8
96.375181000,75,172.19.0.7,172.19.0.8
96.375929000,75,172.19.0.8,172.19.0.9
96.376098000,70,172.19.0.9,172.19.0.8
96.377845000,70,172.19.0.8,172.19.0.7
96.378021000,66,172.19.0.7,172.19.0.8
96.418945000,66,172.19.0.8,172.19.0.9
97.352823000,76,172.19.0.7,172.19.0.8
97.353436000,76,172.19.0.8,172.19.0.9
97.353623000,70,172.19.0.8,172.19.0.7
97.353748000,66,172.19.0.7,172.19.0.8
97.353991000,70,172.19.0.9,172.19.0.8
97.354021000,66,172.19.0.8,172.19.0.9
97.358870000,76,172.19.0.7,172.19.0.8
97.359165000,76,172.19.0.8,172.19.0.9
97.359323000,70,172.19.0.8,172.19.0.7
97.359399000,66,172.19.0.7,172.19.0.8
97.359713000,70,172.19.0.9,172.19.0.8
97.359738000,66,172.19.0.8,172.19.0.9
97.361883000,76,172.19.0.7,172.19.0.8
97.365164000,76,172.19.0.8,172.19.0.9
97.365359000,70,172.19.0.8,172.19.0.7
97.365723000,66,172.19.0.7,172.19.0.8
97.366682000,70,172.19.0.9,172.19.0.8
97.366710000,66,172.19.0.8,172.19.0.9
97.370513000,76,172.19.0.7,172.19.0.8
97.371182000,76,172.19.0.8,172.19.0.9
97.371359000,70,172.19.0.8,172.19.0.7
97.371996000,70,172.19.0.9,172.19.0.8
97.372044000,66,172.19.0.8,172.19.0.9
97.372720000,76,172.19.0.7,172.19.0.8
97.373119000,76,172.19.0.8,172.19.0.9
97.373313000,70,172.19.0.8,172.19.0.7
97.373405000,76,172.19.0.7,172.19.0.8
97.373714000,70,172.19.0.9,172.19.0.8
97.373746000,76,172.19.0.8,172.19.0.9
97.373757000,70,172.19.0.8,172.19.0.7
97.373885000,76,172.19.0.7,172.19.0.8
97.373999000,70,172.19.0.9,172.19.0.8
97.374022000,66,172.19.0.8,172.19.0.9
97.374161000,76,172.19.0.8,172.19.0.9
97.375058000,70,172.19.0.9,172.19.0.8
97.375084000,66,172.19.0.8,172.19.0.9
97.375668000,70,172.19.0.8,172.19.0.7
97.418620000,66,172.19.0.7,172.19.0.8
98.354827000,76,172.19.0.7,172.19.0.8
98.355518000,76,172.19.0.8,172.19.0.9
98.355621000,70,172.19.0.8,172.19.0.7
98.355718000,66,172.19.0.7,172.19.0.8
98.356084000,76,172.19.0.7,172.19.0.8
98.356434000,70,172.19.0.9,172.19.0.8
98.356462000,66,172.19.0.8,172.19.0.9
98.356902000,76,172.19.0.8,172.19.0.9
98.356995000,70,172.19.0.8,172.19.0.7
98.357094000,76,172.19.0.7,172.19.0.8
98.357155000,70,172.19.0.9,172.19.0.8
98.357185000,66,172.19.0.8,172.19.0.9
98.357337000,76,172.19.0.8,172.19.0.9
98.357422000,70,172.19.0.8,172.19.0.7
98.357484000,66,172.19.0.7,172.19.0.8
98.360328000,70,172.19.0.9,172.19.0.8
98.360381000,66,172.19.0.8,172.19.0.9
98.361363000,76,172.19.0.7,172.19.0.8
98.361866000,76,172.19.0.8,172.19.0.9
98.361922000,70,172.19.0.8,172.19.0.7
98.362014000,66,172.19.0.7,172.19.0.8
98.363288000,76,172.19.0.7,172.19.0.8
98.364041000,70,172.19.0.9,172.19.0.8
98.364097000,66,172.19.0.8,172.19.0.9
98.364129000,76,172.19.0.8,172.19.0.9
98.364182000,70,172.19.0.8,172.19.0.7
98.364309000,66,172.19.0.7,172.19.0.8
98.365776000,70,172.19.0.9,172.19.0.8
98.368584000,76,172.19.0.7,172.19.0.8
98.369362000,76,172.19.0.8,172.19.0.9
98.369504000,70,172.19.0.8,172.19.0.7
98.369629000,66,172.19.0.7,172.19.0.8
98.370040000,70,172.19.0.9,172.19.0.8
98.376882000,76,172.19.0.7,172.19.0.8
98.377868000,76,172.19.0.8,172.19.0.9
98.377987000,70,172.19.0.8,172.19.0.7
98.378070000,66,172.19.0.7,172.19.0.8
98.378658000,70,172.19.0.9,172.19.0.8
98.418942000,66,172.19.0.8,172.19.0.9
99.357571000,76,172.19.0.7,172.19.0.8
99.358796000,76,172.19.0.8,172.19.0.9
99.358952000,70,172.19.0.8,172.19.0.7
99.359066000,86,172.19.0.7,172.19.0.8
99.359234000,70,172.19.0.8,172.19.0.7
99.359287000,66,172.19.0.7,172.19.0.8
99.359322000,70,172.19.0.9,172.19.0.8
99.359358000,76,172.19.0.8,172.19.0.9
99.359509000,70,172.19.0.8,172.19.0.7
99.359514000,70,172.19.0.9,172.19.0.8
99.359548000,76,172.19.0.8,172.19.0.9
99.359564000,66,172.19.0.7,172.19.0.8
99.359701000,70,172.19.0.9,172.19.0.8
99.359726000,66,172.19.0.8,172.19.0.9
99.360756000,76,172.19.0.7,172.19.0.8
99.361309000,76,172.19.0.8,172.19.0.9
99.361519000,70,172.19.0.8,172.19.0.7
99.361646000,66,172.19.0.7,172.19.0.8
99.361648000,70,172.19.0.9,172.19.0.8
99.361696000,66,172.19.0.8,172.19.0.9
99.364440000,76,172.19.0.7,172.19.0.8
99.366901000,76,172.19.0.8,172.19.0.9
99.367167000,70,172.19.0.9,172.19.0.8
99.367212000,66,172.19.0.8,172.19.0.9
99.367464000,70,172.19.0.8,172.19.0.7
99.367561000,66,172.19.0.7,172.19.0.8
99.368335000,76,172.19.0.7,172.19.0.8
99.369234000,76,172.19.0.8,172.19.0.9
99.369476000,70,172.19.0.9,172.19.0.8
99.369504000,66,172.19.0.8,172.19.0.9
99.369794000,70,172.19.0.8,172.19.0.7
99.375303000,76,172.19.0.7,172.19.0.8
99.375618000,76,172.19.0.8,172.19.0.9
99.375887000,70,172.19.0.9,172.19.0.8
99.375912000,66,172.19.0.8,172.19.0.9
99.376388000,70,172.19.0.8,172.19.0.7
99.418403000,66,172.19.0.7,172.19.0.8
100.355989000,76,172.19.0.7,172.19.0.8
100.356713000,76,172.19.0.8,172.19.0.9
100.356980000,70,172.19.0.8,172.19.0.7
100.357148000,66,172.19.0.7,172.19.0.8
100.358138000,70,172.19.0.9,172.19.0.8
100.358165000,66,172.19.0.8,172.19.0.9
100.363260000,76,172.19.0.7,172.19.0.8
100.365102000,76,172.19.0.8,172.19.0.9
100.365322000,70,172.19.0.8,172.19.0.7
100.365450000,66,172.19.0.7,172.19.0.8
100.365528000,70,172.19.0.9,172.19.0.8
100.365555000,66,172.19.0.8,172.19.0.9
100.370158000,76,172.19.0.7,172.19.0.8
100.370915000,76,172.19.0.8,172.19.0.9
100.371109000,70,172.19.0.8,172.19.0.7
100.371816000,66,172.19.0.7,172.19.0.8
100.373638000,70,172.19.0.9,172.19.0.8
100.373664000,66,172.19.0.8,172.19.0.9
100.374117000,76,172.19.0.7,172.19.0.8
100.374923000,76,172.19.0.8,172.19.0.9
100.375141000,70,172.19.0.9,172.19.0.8
100.375166000,66,172.19.0.8,172.19.0.9
100.375411000,70,172.19.0.8,172.19.0.7
100.375528000,76,172.19.0.7,172.19.0.8
100.375800000,76,172.19.0.8,172.19.0.9
100.375958000,70,172.19.0.9,172.19.0.8
100.375983000,66,172.19.0.8,172.19.0.9
100.376209000,70,172.19.0.8,172.19.0.7
100.376345000,66,172.19.0.7,172.19.0.8
100.382586000,76,172.19.0.7,172.19.0.8
100.382857000,76,172.19.0.8,172.19.0.9
100.383041000,70,172.19.0.8,172.19.0.7
100.383097000,66,172.19.0.7,172.19.0.8
100.384869000,70,172.19.0.9,172.19.0.8
100.384898000,66,172.19.0.8,172.19.0.9
100.384918000,76,172.19.0.7,172.19.0.8
100.386071000,76,172.19.0.8,172.19.0.9
100.386235000,70,172.19.0.8,172.19.0.7
100.386641000,66,172.19.0.7,172.19.0.8
100.387156000,70,172.19.0.9,172.19.0.8
100.387183000,66,172.19.0.8,172.19.0.9
101.356905000,76,172.19.0.7,172.19.0.8
101.357570000,76,172.19.0.8,172.19.0.9
101.357675000,70,172.19.0.8,172.19.0.7
101.357783000,66,172.19.0.7,172.19.0.8
101.358192000,70,172.19.0.9,172.19.0.8
101.358221000,66,172.19.0.8,172.19.0.9
101.361326000,76,172.19.0.7,172.19.0.8
101.361865000,76,172.19.0.8,172.19.0.9
101.362346000,70,172.19.0.8,172.19.0.7
101.362517000,66,172.19.0.7,172.19.0.8
101.363352000,70,172.19.0.9,172.19.0.8
101.363380000,66,172.19.0.8,172.19.0.9
101.364390000,76,172.19.0.7,172.19.0.8
101.364619000,76,172.19.0.8,172.19.0.9
101.364884000,70,172.19.0.8,172.19.0.7
101.364916000,70,172.19.0.9,172.19.0.8
101.364965000,66,172.19.0.8,172.19.0.9
101.365265000,76,172.19.0.7,172.19.0.8
101.365864000,76,172.19.0.8,172.19.0.9
101.366510000,70,172.19.0.8,172.19.0.7
101.367613000,76,172.19.0.7,172.19.0.8
101.367760000,70,172.19.0.9,172.19.0.8
101.367791000,66,172.19.0.8,172.19.0.9
101.368308000,76,172.19.0.8,172.19.0.9
101.368574000,70,172.19.0.8,172.19.0.7
101.368909000,70,172.19.0.9,172.19.0.8
101.368945000,66,172.19.0.8,172.19.0.9
101.369875000,76,172.19.0.7,172.19.0.8
101.370480000,76,172.19.0.8,172.19.0.9
101.370868000,70,172.19.0.8,172.19.0.7
101.371128000,70,172.19.0.9,172.19.0.8
101.371165000,66,172.19.0.8,172.19.0.9
101.384485000,76,172.19.0.7,172.19.0.8
101.384941000,76,172.19.0.8,172.19.0.9
101.385080000,70,172.19.0.8,172.19.0.7
101.385664000,70,172.19.0.9,172.19.0.8
101.385697000,66,172.19.0.8,172.19.0.9
101.426791000,66,172.19.0.7,172.19.0.8
102.356520000,76,172.19.0.7,172.19.0.8
102.358647000,76,172.19.0.8,172.19.0.9
102.359050000,70,172.19.0.9,172.19.0.8
102.359098000,66,172.19.0.8,172.19.0.9
102.360760000,70,172.19.0.8,172.19.0.7
102.360963000,86,172.19.0.7,172.19.0.8
102.361153000,76,172.19.0.8,172.19.0.9
102.361350000,70,172.19.0.9,172.19.0.8
102.361377000,66,172.19.0.8,172.19.0.9
102.361669000,70,172.19.0.8,172.19.0.7
102.361849000,76,172.19.0.7,172.19.0.8
102.362186000,76,172.19.0.8,172.19.0.9
102.362357000,70,172.19.0.9,172.19.0.8
102.362384000,66,172.19.0.8,172.19.0.9
102.362790000,70,172.19.0.8,172.19.0.7
102.363080000,66,172.19.0.7,172.19.0.8
102.363373000,76,172.19.0.7,172.19.0.8
102.365638000,76,172.19.0.8,172.19.0.9
102.365997000,70,172.19.0.8,172.19.0.7
102.366094000,66,172.19.0.7,172.19.0.8
102.366350000,70,172.19.0.8,172.19.0.7
102.366400000,66,172.19.0.7,172.19.0.8
102.367416000,70,172.19.0.9,172.19.0.8
102.367449000,76,172.19.0.8,172.19.0.9
102.367856000,70,172.19.0.9,172.19.0.8
102.372214000,76,172.19.0.7,172.19.0.8
102.373321000,76,172.19.0.8,172.19.0.9
102.373614000,70,172.19.0.8,172.19.0.7
102.373803000,66,172.19.0.7,172.19.0.8
102.374180000,70,172.19.0.9,172.19.0.8
102.383105000,76,172.19.0.7,172.19.0.8
102.383797000,76,172.19.0.8,172.19.0.9
102.384070000,70,172.19.0.8,172.19.0.7
102.384131000,66,172.19.0.7,172.19.0.8
102.384386000,70,172.19.0.9,172.19.0.8
102.426748000,66,172.19.0.8,172.19.0.9
103.363830000,76,172.19.0.7,172.19.0.8
103.365224000,76,172.19.0.8,172.19.0.9
103.365409000,70,172.19.0.8,172.19.0.7
103.365460000,66,172.19.0.7,172.19.0.8
103.366082000,70,172.19.0.9,172.19.0.8
103.366110000,66,172.19.0.8,172.19.0.9
103.379325000,76,172.19.0.7,172.19.0.8
103.380532000,76,172.19.0.8,172.19.0.9
103.380895000,70,172.19.0.9,172.19.0.8
103.380940000,66,172.19.0.8,172.19.0.9
103.381035000,70,172.19.0.8,172.19.0.7
103.381119000,86,172.19.0.7,172.19.0.8
103.381466000,76,172.19.0.8,172.19.0.9
103.381581000,70,172.19.0.8,172.19.0.7
103.381676000,76,172.19.0.7,172.19.0.8
103.381732000,70,172.19.0.9,172.19.0.8
103.381783000,66,172.19.0.8,172.19.0.9
103.381973000,76,172.19.0.8,172.19.0.9
103.382190000,70,172.19.0.8,172.19.0.7
103.382200000,70,172.19.0.9,172.19.0.8
103.382224000,66,172.19.0.8,172.19.0.9
103.382252000,76,172.19.0.7,172.19.0.8
103.382592000,76,172.19.0.8,172.19.0.9
103.383011000,70,172.19.0.8,172.19.0.7
103.383097000,76,172.19.0.7,172.19.0.8
103.383224000,70,172.19.0.9,172.19.0.8
103.383250000,66,172.19.0.8,172.19.0.9
103.383574000,76,172.19.0.8,172.19.0.9
103.384189000,70,172.19.0.8,172.19.0.7
103.384288000,70,172.19.0.9,172.19.0.8
103.384314000,66,172.19.0.8,172.19.0.9
103.384743000,76,172.19.0.8,172.19.0.9
103.385226000,70,172.19.0.9,172.19.0.8
103.385253000,66,172.19.0.8,172.19.0.9
103.426104000,66,172.19.0.7,172.19.0.8
103.426136000,70,172.19.0.8,172.19.0.7
103.426211000,66,172.19.0.7,172.19.0.8
104.365412000,76,172.19.0.7,172.19.0.8
104.365982000,76,172.19.0.8,172.19.0.9
104.366101000,70,172.19.0.8,172.19.0.7
104.366166000,86,172.19.0.7,172.19.0.8
104.366571000,70,172.19.0.8,172.19.0.7
104.366714000,86,172.19.0.7,172.19.0.8
104.366845000,70,172.19.0.8,172.19.0.7
104.366899000,66,172.19.0.7,172.19.0.8
104.367170000,70,172.19.0.8,172.19.0.7
104.367235000,66,172.19.0.7,172.19.0.8
104.367347000,70,172.19.0.8,172.19.0.7
104.367436000,66,172.19.0.7,172.19.0.8
104.369222000,70,172.19.0.9,172.19.0.8
104.369268000,106,172.19.0.8,172.19.0.9
104.369709000,70,172.19.0.9,172.19.0.8
104.371591000,76,172.19.0.7,172.19.0.8
104.373407000,76,172.19.0.8,172.19.0.9
104.373498000,78,172.19.0.9,172.19.0.8
104.373586000,70,172.19.0.8,172.19.0.7
104.373667000,66,172.19.0.7,172.19.0.8
104.384000000,76,172.19.0.7,172.19.0.8
104.384326000,76,172.19.0.8,172.19.0.9
104.384446000,70,172.19.0.9,172.19.0.8
104.384627000,70,172.19.0.8,172.19.0.7
104.384702000,66,172.19.0.7,172.19.0.8
104.426017000,66,172.19.0.8,172.19.0.9
104.426096000,70,172.19.0.9,172.19.0.8
104.426116000,66,172.19.0.8,172.19.0.9
